54.995	0.03
55	0.004
55.005	0
55.01	0.004
55.015	0.022
55.02	0.007
55.025	0.005
55.03	0.001
55.035	-0.034
55.04	-0.013
55.045	-0.01
55.05	0.013
55.055	0.002
55.06	-0.017
55.065	0.001
55.07	0.008
55.075	0.019
55.08	0.026
55.085	0.006
55.09	-0.006
55.095	-0.007
55.1	-0.014
55.105	0.008
55.11	0
55.115	0.015
55.12	0.009
55.125	-0.029
55.13	-0.026
55.135	-0.011
55.14	0.012
55.145	0.014
55.15	0.001
55.155	-0.033
55.16	-0.005
55.165	0.031
55.17	0.016
55.175	0.005
55.18	-0.013
55.185	-0.008
55.19	-0.002
55.195	0.009
55.2	-0.01
55.205	-0.015
55.21	0.018
55.215	0.003
55.22	-0.019
55.225	-0.025
55.23	-0.022
55.235	-0.019
55.24	-0.016
55.245	-0.015
55.25	-0.032
55.255	-0.02
55.26	-0.003
55.265	0.001
55.27	0.02
55.275	0.009
55.28	-0.007
55.285	0.015
55.29	0.026
55.295	0.031
55.3	0.045
55.305	0.052
55.31	0.029
55.315	-0.001
55.32	0.013
55.325	0.02
55.33	-0.003
55.335	-0.01
55.34	-0.006
55.345	-0.007
55.35	0.003
55.355	0.01
55.36	-0.01
55.365	-0.018
55.37	-0.004
55.375	-0.006
55.38	-0.023
55.385	-0.029
55.39	-0.02
55.395	-0.006
55.4	-0.002
55.405	-0.007
55.41	-0.007
55.415	-0.007
55.42	0.001
55.425	0.01
55.43	0.011
55.435	0.015
55.44	0.018
55.445	0.029
55.45	0.032
55.455	0.011
55.46	0.008
55.465	0.019
55.47	0.002
55.475	-0.013
55.48	-0.026
55.485	-0.046
55.49	-0.032
55.495	-0.011
55.5	-0.005
55.505	0.001
55.51	0.008
55.515	0.011
55.52	0.007
55.525	0.006
55.53	-0.019
55.535	-0.045
55.54	-0.015
55.545	0.003
55.55	-0.021
55.555	-0.015
55.56	-0.005
55.565	-0.009
55.57	0.016
55.575	0.028
55.58	0.017
55.585	-0.003
55.59	-0.012
55.595	0.006
55.6	0.001
55.605	-0.007
55.61	-0.012
55.615	-0.024
55.62	0.006
55.625	0.022
55.63	0
55.635	0.007
55.64	0.017
55.645	0.01
55.65	0.014
55.655	0.01
55.66	-0.003
55.665	0.004
55.67	-0.002
55.675	-0.008
55.68	-0.001
55.685	0.009
55.69	0.023
55.695	0.008
55.7	0.005
55.705	0.009
55.71	-0.008
55.715	0.002
55.72	-0.002
55.725	-0.032
55.73	-0.028
55.735	-0.005
55.74	-0.013
55.745	-0.018
55.75	0.002
55.755	0.015
55.76	0.013
55.765	0.019
55.77	0.011
55.775	-0.013
55.78	-0.004
55.785	0.006
55.79	-0.001
55.795	0.006
55.8	0.006
55.805	-0.011
55.81	-0.01
55.815	-0.002
55.82	-0.033
55.825	-0.026
55.83	0.009
55.835	-0.029
55.84	-0.069
55.845	-0.038
55.85	0.013
55.855	0.028
55.86	-0.007
55.865	-0.03
55.87	0.012
55.875	0.052
55.88	0.03
55.885	0.007
55.89	-0.01
55.895	0.006
55.9	0.06
55.905	0.048
55.91	-0.008
55.915	-0.025
55.92	-0.007
55.925	0.009
55.93	0.001
55.935	0.002
55.94	0.02
55.945	0.021
55.95	0.011
55.955	-0.004
55.96	-0.015
55.965	-0.022
55.97	-0.028
55.975	-0.013
55.98	-0.008
55.985	-0.014
55.99	-0.011
55.995	0.002
56	0.02
56.005	0.019
56.01	0.019
56.015	-0.001
56.02	-0.01
56.025	0.011
56.03	0.017
56.035	0.008
56.04	-0.02
56.045	-0.021
56.05	0.01
56.055	0.013
56.06	0.008
56.065	0.004
56.07	0.002
56.075	-0.004
56.08	-0.007
56.085	0.014
56.09	0.006
56.095	-0.023
56.1	-0.019
56.105	-0.005
56.11	-0.016
56.115	-0.024
56.12	-0.005
56.125	0.017
56.13	0.016
56.135	-0.009
56.14	-0.015
56.145	-0.007
56.15	-0.014
56.155	-0.025
56.16	-0.021
56.165	0
56.17	0.015
56.175	0.003
56.18	-0.014
56.185	-0.005
56.19	0.013
56.195	0.026
56.2	0.023
56.205	0.018
56.21	0
56.215	-0.019
56.22	0.001
56.225	0.013
56.23	0.014
56.235	0.028
56.24	0.023
56.245	-0.001
56.25	0.005
56.255	0.019
56.26	0.007
56.265	0.001
56.27	-0.01
56.275	-0.018
56.28	-0.024
56.285	-0.027
56.29	-0.008
56.295	0.002
56.3	0.013
56.305	0.018
56.31	0.011
56.315	0.016
56.32	0.021
56.325	0
56.33	-0.01
56.335	0.016
56.34	0.018
56.345	0.006
56.35	-0.016
56.355	-0.02
56.36	-0.003
56.365	-0.019
56.37	-0.018
56.375	-0.008
56.38	-0.014
56.385	-0.009
56.39	-0.005
56.395	-0.004
56.4	0.011
56.405	0.015
56.41	-0.004
56.415	-0.018
56.42	-0.007
56.425	-0.008
56.43	-0.032
56.435	-0.019
56.44	-0.01
56.445	-0.015
56.45	0.004
56.455	0.026
56.46	0.023
56.465	0.012
56.47	0.014
56.475	0.006
56.48	0.017
56.485	0.025
56.49	0.002
56.495	-0.01
56.5	-0.014
56.505	0.005
56.51	0.012
56.515	0
56.52	0.016
56.525	0.007
56.53	-0.009
56.535	0.002
56.54	0.011
56.545	-0.002
56.55	-0.013
56.555	0.008
56.56	0.005
56.565	-0.023
56.57	-0.026
56.575	-0.005
56.58	0.009
56.585	0.008
56.59	0.01
56.595	0.002
56.6	-0.003
56.605	0
56.61	-0.014
56.615	-0.027
56.62	-0.005
56.625	0.02
56.63	0.016
56.635	0.013
56.64	0.012
56.645	-0.001
56.65	-0.005
56.655	0.017
56.66	0.021
56.665	-0.007
56.67	-0.015
56.675	-0.002
56.68	-0.011
56.685	-0.013
56.69	-0.002
56.695	-0.02
56.7	-0.005
56.705	0.021
56.71	0.006
56.715	-0.007
56.72	0.006
56.725	0.018
56.73	-0.005
56.735	-0.02
56.74	-0.033
56.745	-0.034
56.75	-0.011
56.755	0.004
56.76	0.006
56.765	-0.001
56.77	0.018
56.775	0.007
56.78	0.001
56.785	0.025
56.79	0.013
56.795	-0.004
56.8	0.002
56.805	0.017
56.81	-0.006
56.815	-0.023
56.82	-0.014
56.825	-0.018
56.83	-0.032
56.835	-0.03
56.84	-0.004
56.845	-0.005
56.85	-0.001
56.855	-0.002
56.86	-0.029
56.865	-0.006
56.87	0.006
56.875	-0.025
56.88	-0.007
56.885	0.008
56.89	-0.009
56.895	-0.001
56.9	0.011
56.905	0.022
56.91	0.031
56.915	0.03
56.92	0.042
56.925	0.047
56.93	0.029
56.935	0.015
56.94	-0.001
56.945	-0.015
56.95	-0.011
56.955	-0.014
56.96	-0.016
56.965	-0.013
56.97	-0.008
56.975	0.004
56.98	-0.01
56.985	-0.027
56.99	-0.01
56.995	-0.007
57	-0.021
57.005	-0.018
57.01	-0.015
57.015	-0.01
57.02	-0.009
57.025	-0.011
57.03	-0.005
57.035	0.016
57.04	0.026
57.045	0.013
57.05	0.003
57.055	0.013
57.06	0.023
57.065	-0.003
57.07	-0.01
57.075	-0.015
57.08	-0.026
57.085	-0.001
57.09	0.007
57.095	0.006
57.1	-0.001
57.105	-0.002
57.11	0.006
57.115	-0.015
57.12	-0.023
57.125	-0.015
57.13	-0.013
57.135	-0.012
57.14	-0.024
57.145	-0.037
57.15	-0.028
57.155	-0.006
57.16	-0.008
57.165	-0.007
57.17	0.008
57.175	-0.001
57.18	0.019
57.185	0.031
57.19	0.01
57.195	0.023
57.2	0.028
57.205	0.015
57.21	-0.008
57.215	-0.023
57.22	-0.022
57.225	-0.033
57.23	0.001
57.235	0.037
57.24	0.018
57.245	0.021
57.25	0.04
57.255	0.019
57.26	-0.005
57.265	0
57.27	-0.006
57.275	-0.032
57.28	-0.018
57.285	0.007
57.29	0.001
57.295	0.002
57.3	0.007
57.305	0.005
57.31	-0.001
57.315	-0.005
57.32	-0.009
57.325	-0.015
57.33	-0.027
57.335	-0.036
57.34	-0.035
57.345	-0.026
57.35	0.003
57.355	0.021
57.36	0.03
57.365	0.033
57.37	0.027
57.375	0.042
57.38	0.041
57.385	0.002
57.39	-0.021
57.395	-0.023
57.4	-0.034
57.405	-0.044
57.41	-0.037
57.415	-0.037
57.42	-0.045
57.425	-0.009
57.43	0.019
57.435	0.01
57.44	0.017
57.445	0.02
57.45	0.005
57.455	-0.014
57.46	-0.008
57.465	-0.006
57.47	-0.014
57.475	-0.004
57.48	0.005
57.485	0.005
57.49	0.007
57.495	0.022
57.5	0.025
57.505	0.028
57.51	0.012
57.515	0
57.52	0.014
57.525	-0.028
57.53	-0.056
57.535	-0.024
57.54	-0.02
57.545	-0.04
57.55	-0.031
57.555	-0.01
57.56	-0.005
57.565	-0.003
57.57	0.016
57.575	0.015
57.58	-0.006
57.585	0.013
57.59	0.024
57.595	-0.01
57.6	-0.008
57.605	0.005
57.61	-0.014
57.615	0.003
57.62	0.023
57.625	0.008
57.63	0.011
57.635	0.019
57.64	0.005
57.645	0.002
57.65	0.005
57.655	0
57.66	-0.017
57.665	-0.026
57.67	-0.018
57.675	-0.036
57.68	-0.031
57.685	-0.007
57.69	-0.011
57.695	-0.002
57.7	0.02
57.705	0.023
57.71	0.017
57.715	0.024
57.72	0.017
57.725	-0.009
57.73	-0.026
57.735	-0.037
57.74	-0.032
57.745	-0.014
57.75	-0.009
57.755	-0.01
57.76	0.02
57.765	0.03
57.77	0.011
57.775	0.023
57.78	0.034
57.785	0.03
57.79	0.024
57.795	0.019
57.8	-0.007
57.805	-0.025
57.81	-0.007
57.815	-0.01
57.82	-0.021
57.825	-0.013
57.83	-0.005
57.835	0
57.84	-0.002
57.845	-0.021
57.85	-0.018
57.855	-0.004
57.86	-0.008
57.865	-0.003
57.87	-0.009
57.875	-0.016
57.88	-0.002
57.885	0.002
57.89	-0.008
57.895	-0.009
57.9	-0.016
57.905	-0.017
57.91	-0.008
57.915	-0.019
57.92	-0.003
57.925	0.009
57.93	0.005
57.935	0.008
57.94	0.001
57.945	0.018
57.95	0.027
57.955	0.011
57.96	0.018
57.965	0.026
57.97	0.013
57.975	0.019
57.98	0.024
57.985	0.012
57.99	-0.002
57.995	-0.01
58	0
58.005	-0.011
58.01	-0.032
58.015	-0.026
58.02	0.001
58.025	0.017
58.03	0.016
58.035	-0.004
58.04	-0.015
58.045	-0.002
58.05	-0.017
58.055	-0.025
58.06	-0.024
58.065	-0.027
58.07	-0.013
58.075	-0.012
58.08	-0.005
58.085	0.025
58.09	0.024
58.095	0.006
58.1	0.005
58.105	0.004
58.11	-0.005
58.115	-0.003
58.12	0.008
58.125	0.005
58.13	0.002
58.135	0.01
58.14	0.006
58.145	0.007
58.15	0.009
58.155	-0.012
58.16	-0.023
58.165	-0.022
58.17	-0.03
58.175	-0.038
58.18	-0.023
58.185	-0.013
58.19	-0.025
58.195	-0.006
58.2	0.02
58.205	0.009
58.21	0.005
58.215	0.02
58.22	0.013
58.225	-0.001
58.23	0.005
58.235	0.014
58.24	0.017
58.245	0.028
58.25	0.022
58.255	0.012
58.26	0.018
58.265	0.01
58.27	0.007
58.275	0.007
58.28	0
58.285	-0.002
58.29	-0.007
58.295	-0.005
58.3	-0.008
58.305	-0.007
58.31	0.006
58.315	-0.021
58.32	-0.028
58.325	-0.004
58.33	-0.014
58.335	-0.029
58.34	-0.015
58.345	-0.006
58.35	-0.006
58.355	0.006
58.36	-0.004
58.365	-0.01
58.37	0.021
58.375	0.031
58.38	0.012
58.385	0.005
58.39	0.004
58.395	0.009
58.4	0.017
58.405	0.014
58.41	0.016
58.415	0.013
58.42	-0.007
58.425	-0.006
58.43	0.014
58.435	0.02
58.44	0.009
58.445	-0.02
58.45	-0.014
58.455	-0.008
58.46	-0.026
58.465	-0.025
58.47	-0.022
58.475	-0.004
58.48	0.011
58.485	0.019
58.49	0.017
58.495	0.006
58.5	0.013
58.505	0.014
58.51	0.009
58.515	0.011
58.52	0.012
58.525	0.004
58.53	-0.002
58.535	0.015
58.54	0.024
58.545	0.016
58.55	0.03
58.555	0.023
58.56	0.016
58.565	0.017
58.57	-0.008
58.575	-0.034
58.58	-0.046
58.585	-0.036
58.59	-0.045
58.595	-0.035
58.6	-0.002
58.605	0
58.61	-0.013
58.615	-0.005
58.62	0.002
58.625	-0.008
58.63	-0.005
58.635	0.006
58.64	0.015
58.645	0.021
58.65	0.021
58.655	-0.003
58.66	-0.008
58.665	0.005
58.67	-0.01
58.675	-0.005
58.68	0.003
58.685	-0.008
58.69	-0.001
58.695	0.015
58.7	0.015
58.705	0.031
58.71	0.035
58.715	0.01
58.72	-0.009
58.725	-0.011
58.73	0.008
58.735	0.008
58.74	0.001
58.745	0.006
58.75	0.007
58.755	0.005
58.76	-0.001
58.765	0.006
58.77	0.003
58.775	-0.002
58.78	-0.004
58.785	-0.027
58.79	-0.024
58.795	-0.018
58.8	-0.024
58.805	-0.01
58.81	-0.002
58.815	-0.007
58.82	-0.016
58.825	-0.003
58.83	0.012
58.835	0.002
58.84	-0.001
58.845	0.015
58.85	0.013
58.855	0.006
58.86	0.007
58.865	-0.003
58.87	0.015
58.875	0.038
58.88	0.024
58.885	0.035
58.89	0.038
58.895	0.007
58.9	0.022
58.905	0.024
58.91	-0.015
58.915	-0.011
58.92	0
58.925	-0.017
58.93	-0.036
58.935	-0.033
58.94	-0.018
58.945	-0.016
58.95	-0.004
58.955	0.007
58.96	0
58.965	0
58.97	0.007
58.975	0.001
58.98	0.006
58.985	0.007
58.99	0.002
58.995	0.033
59	0.04
59.005	0.03
59.01	0.034
59.015	0.034
59.02	0.032
59.025	0.037
59.03	0.058
59.035	0.042
59.04	-0.019
59.045	-0.032
59.05	0.005
59.055	-0.001
59.06	-0.019
59.065	-0.017
59.07	-0.045
59.075	-0.067
59.08	-0.046
59.085	-0.02
59.09	-0.014
59.095	-0.011
59.1	0.005
59.105	0.015
59.11	0.018
59.115	0.052
59.12	0.075
59.125	0.064
59.13	0.039
59.135	0.011
59.14	0.006
59.145	0.018
59.15	0.01
59.155	0
59.16	0.008
59.165	0.014
59.17	0.03
59.175	0.052
59.18	0.032
59.185	-0.037
59.19	-0.076
59.195	-0.039
59.2	0.022
59.205	0.056
59.21	0.062
59.215	0.017
59.22	-0.051
59.225	-0.059
59.23	-0.019
59.235	0.041
59.24	0.092
59.245	0.087
59.25	0.047
59.255	0.018
59.26	0.008
59.265	0.009
59.27	0.022
59.275	0.051
59.28	0.062
59.285	0.04
59.29	0.05
59.295	0.09
59.3	0.098
59.305	0.08
59.31	0.031
59.315	-0.05
59.32	-0.074
59.325	-0.019
59.33	0.067
59.335	0.155
59.34	0.208
59.345	0.197
59.35	0.107
59.355	-0.038
59.36	-0.18
59.365	-0.17
59.37	-0.016
59.375	0.144
59.38	0.267
59.385	0.292
59.39	0.189
59.395	0.006
59.4	-0.11
59.405	-0.128
59.41	-0.091
59.415	-0.003
59.42	0.098
59.425	0.181
59.43	0.212
59.435	0.196
59.44	0.092
59.445	-0.072
59.45	-0.152
59.455	-0.076
59.46	0.092
59.465	0.227
59.47	0.224
59.475	0.111
59.48	0.018
59.485	0.013
59.49	0.056
59.495	0.049
59.5	0.003
59.505	0.021
59.51	0.136
59.515	0.277
59.52	0.323
59.525	0.165
59.53	-0.089
59.535	-0.227
59.54	-0.186
59.545	0.014
59.55	0.264
59.555	0.456
59.56	0.494
59.565	0.329
59.57	0.03
59.575	-0.277
59.58	-0.415
59.585	-0.273
59.59	0.103
59.595	0.482
59.6	0.616
59.605	0.514
59.61	0.287
59.615	0.01
59.62	-0.212
59.625	-0.275
59.63	-0.194
59.635	-0.098
59.64	0.007
59.645	0.144
59.65	0.253
59.655	0.327
59.66	0.287
59.665	0.094
59.67	-0.119
59.675	-0.167
59.68	0.049
59.685	0.365
59.69	0.552
59.695	0.513
59.7	0.26
59.705	-0.043
59.71	-0.189
59.715	-0.184
59.72	-0.17
59.725	-0.137
59.73	0
59.735	0.176
59.74	0.235
59.745	0.219
59.75	0.217
59.755	0.134
59.76	0.056
59.765	0.173
59.77	0.361
59.775	0.357
59.78	0.184
59.785	0.021
59.79	-0.098
59.795	-0.204
59.8	-0.273
59.805	-0.228
59.81	-0.085
59.815	0.143
59.82	0.468
59.825	0.695
59.83	0.64
59.835	0.357
59.84	0.032
59.845	-0.224
59.85	-0.374
59.855	-0.316
59.86	-0.034
59.865	0.285
59.87	0.513
59.875	0.654
59.88	0.629
59.885	0.408
59.89	0.149
59.895	0.006
59.9	-0.019
59.905	0.03
59.91	0.139
59.915	0.256
59.92	0.352
59.925	0.463
59.93	0.593
59.935	0.589
59.94	0.341
59.945	-0.002
59.95	-0.233
59.955	-0.276
59.96	-0.129
59.965	0.137
59.97	0.375
59.975	0.421
59.98	0.148
59.985	-0.273
59.99	-0.54
59.995	-0.499
60	-0.136
60.005	0.26
60.01	0.438
60.015	0.432
60.02	0.4
60.025	0.444
60.03	0.571
60.035	0.712
60.04	0.684
60.045	0.39
60.05	-0.108
60.055	-0.529
60.06	-0.782
60.065	-0.994
60.07	-1.006
60.075	-0.573
60.08	0.307
60.085	1.269
60.09	1.878
60.095	1.882
60.1	1.237
60.105	0.285
60.11	-0.543
60.115	-1.076
60.12	-1.231
60.125	-1
60.13	-0.563
60.135	-0.011
60.14	0.698
60.145	1.267
60.15	1.271
60.155	0.723
60.16	-0.026
60.165	-0.6
60.17	-0.724
60.175	-0.321
60.18	0.266
60.185	0.686
60.19	0.867
60.195	0.832
60.2	0.672
60.205	0.36
60.21	-0.017
60.215	-0.287
60.22	-0.312
60.225	0.052
60.23	0.683
60.235	1.185
60.24	1.156
60.245	0.607
60.25	-0.086
60.255	-0.535
60.26	-0.531
60.265	-0.242
60.27	-0.072
60.275	-0.249
60.28	-0.631
60.285	-0.74
60.29	-0.383
60.295	0.166
60.3	0.745
60.305	1.258
60.31	1.594
60.315	1.594
60.32	1.288
60.325	0.753
60.33	-0.177
60.335	-1.06
60.34	-1.103
60.345	-0.238
60.35	0.867
60.355	1.659
60.36	1.914
60.365	1.476
60.37	0.583
60.375	-0.389
60.38	-1.176
60.385	-1.54
60.39	-1.354
60.395	-0.674
60.4	0.25
60.405	1.134
60.41	1.617
60.415	1.553
60.42	1.185
60.425	0.718
60.43	0.117
60.435	-0.576
60.44	-1.03
60.445	-0.963
60.45	-0.318
60.455	0.598
60.46	1.143
60.465	0.873
60.47	0.051
60.475	-0.662
60.48	-1.045
60.485	-1.179
60.49	-0.999
60.495	-0.438
60.5	0.297
60.505	0.877
60.51	1.311
60.515	1.62
60.52	1.615
60.525	1.326
60.53	0.977
60.535	0.632
60.54	0.073
60.545	-0.685
60.55	-1.215
60.555	-1.303
60.56	-1.076
60.565	-0.647
60.57	-0.126
60.575	0.149
60.58	-0.089
60.585	-0.642
60.59	-1.165
60.595	-1.331
60.6	-0.903
60.605	-0.111
60.61	0.609
60.615	0.896
60.62	0.311
60.625	-0.979
60.63	-2.177
60.635	-2.801
60.64	-2.74
60.645	-2.163
60.65	-1.454
60.655	-0.842
60.66	-0.181
60.665	0.571
60.67	1.089
60.675	1.25
60.68	0.94
60.685	-0.068
60.69	-1.53
60.695	-2.643
60.7	-2.766
60.705	-1.977
60.71	-0.695
60.715	0.67
60.72	1.56
60.725	1.435
60.73	0.335
60.735	-1.057
60.74	-1.937
60.745	-1.983
60.75	-1.522
60.755	-1.009
60.76	-0.752
60.765	-0.738
60.77	-0.617
60.775	-0.394
60.78	-0.33
60.785	-0.255
60.79	0.028
60.795	0.221
60.8	-0.117
60.805	-0.821
60.81	-1.336
60.815	-1.449
60.82	-1.17
60.825	-0.851
60.83	-0.977
60.835	-1.416
60.84	-2.014
60.845	-2.691
60.85	-3.036
60.855	-3.036
60.86	-2.742
60.865	-2.075
60.87	-1.095
60.875	0.033
60.88	1.003
60.885	1.901
60.89	2.675
60.895	3.067
60.9	2.841
60.905	1.467
60.91	-0.957
60.915	-3.457
60.92	-4.991
60.925	-4.982
60.93	-3.751
60.935	-2.378
60.94	-1.576
60.945	-1.284
60.95	-1.075
60.955	-0.617
60.96	-0.13
60.965	-0.111
60.97	-0.836
60.975	-2.082
60.98	-3.031
60.985	-3.06
60.99	-2.32
60.995	-1.242
61	-0.452
61.005	-0.347
61.01	-0.945
61.015	-2.112
61.02	-3.15
61.025	-3.348
61.03	-2.607
61.035	-1.361
61.04	-0.146
61.045	0.6
61.05	0.502
61.055	-0.291
61.06	-1.037
61.065	-1.098
61.07	-0.391
61.075	0.79
61.08	1.656
61.085	1.777
61.09	1.524
61.095	1.075
61.1	0.431
61.105	-0.458
61.11	-1.613
61.115	-2.95
61.12	-3.973
61.125	-4.195
61.13	-3.857
61.135	-3.186
61.14	-2.33
61.145	-1.281
61.15	-0.031
61.155	0.729
61.16	0.134
61.165	-1.649
61.17	-3.802
61.175	-5.868
61.18	-7.498
61.185	-8.487
61.19	-8.456
61.195	-7.243
61.2	-4.983
61.205	-2.052
61.21	0.637
61.215	2.718
61.22	3.847
61.225	3.849
61.23	3.26
61.235	2.569
61.24	2.124
61.245	1.931
61.25	1.647
61.255	0.789
61.26	-0.544
61.265	-1.494
61.27	-1.702
61.275	-1.675
61.28	-1.643
61.285	-1.506
61.29	-1.12
61.295	-0.408
61.3	0.351
61.305	1.116
61.31	1.315
61.315	0.203
61.32	-1.722
61.325	-3.418
61.33	-3.93
61.335	-3.302
61.34	-2.251
61.345	-1.352
61.35	-1.117
61.355	-1.276
61.36	-1.472
61.365	-1.792
61.37	-1.973
61.375	-1.567
61.38	-0.211
61.385	1.221
61.39	1.812
61.395	1.833
61.4	1.006
61.405	-0.331
61.41	-0.99
61.415	-0.318
61.42	1.181
61.425	2.951
61.43	4.758
61.435	5.335
61.44	4.228
61.445	2.01
61.45	-0.398
61.455	-1.936
61.46	-1.803
61.465	-0.141
61.47	1.852
61.475	3.372
61.48	3.625
61.485	2.4
61.49	0.584
61.495	-0.687
61.5	-1.133
61.505	-1.186
61.51	-0.814
61.515	-0.179
61.52	-0.153
61.525	-0.987
61.53	-2.155
61.535	-4.009
61.54	-6.621
61.545	-8.807
61.55	-9.865
61.555	-9.514
61.56	-7.452
61.565	-4.563
61.57	-2.328
61.575	-1.362
61.58	-1.683
61.585	-3.405
61.59	-5.942
61.595	-7.535
61.6	-7.037
61.605	-4.578
61.61	-1.577
61.615	0.16
61.62	0.019
61.625	-1.401
61.63	-3.033
61.635	-3.878
61.64	-3.153
61.645	-1.154
61.65	1.13
61.655	2.961
61.66	3.877
61.665	3.649
61.67	2.073
61.675	-0.687
61.68	-3.787
61.685	-6.119
61.69	-7.06
61.695	-6.561
61.7	-5.045
61.705	-3.534
61.71	-2.761
61.715	-2.494
61.72	-2.412
61.725	-2.727
61.73	-3.923
61.735	-6.088
61.74	-8.115
61.745	-8.803
61.75	-8.367
61.755	-7.089
61.76	-5.01
61.765	-2.773
61.77	-0.581
61.775	1.48
61.78	2.965
61.785	3.779
61.79	4.286
61.795	4.796
61.8	5.219
61.805	5.354
61.81	5.069
61.815	4.439
61.82	3.302
61.825	1.812
61.83	0.606
61.835	0.265
61.84	1.19
61.845	2.347
61.85	3.329
61.855	4.416
61.86	4.647
61.865	3.545
61.87	1.374
61.875	-1.252
61.88	-3.869
61.885	-5.858
61.89	-6.678
61.895	-6.712
61.9	-6.005
61.905	-4.437
61.91	-2.945
61.915	-2.782
61.92	-4.057
61.925	-6.148
61.93	-8.583
61.935	-10.391
61.94	-10.077
61.945	-8.09
61.95	-6.197
61.955	-5.472
61.96	-6.008
61.965	-5.916
61.97	-3.413
61.975	1.252
61.98	6.437
61.985	10.171
61.99	11.975
61.995	12.073
62	9.908
62.005	5.608
62.01	0.529
62.015	-4.226
62.02	-8.519
62.025	-11.429
62.03	-12.169
62.035	-11.411
62.04	-8.955
62.045	-4.3
62.05	1.907
62.055	6.948
62.06	8.693
62.065	7.116
62.07	3.069
62.075	-0.304
62.08	-0.22
62.085	3.249
62.09	8.069
62.095	12.169
62.1	13.866
62.105	12.177
62.11	7.946
62.115	2.273
62.12	-3.015
62.125	-6.195
62.13	-7.39
62.135	-6.879
62.14	-5.158
62.145	-3.964
62.15	-4.874
62.155	-7.901
62.16	-11.837
62.165	-13.03
62.17	-9.459
62.175	-4.011
62.18	1.33
62.185	5.112
62.19	6.082
62.195	5.275
62.2	3.578
62.205	-0.025
62.21	-5.839
62.215	-11.941
62.22	-17.804
62.225	-20.714
62.23	-18.113
62.235	-12.36
62.24	-5.962
62.245	-1.154
62.25	1.78
62.255	4.152
62.26	8.002
62.265	13.94
62.27	19.283
62.275	23.463
62.28	25.647
62.285	24.471
62.29	18.752
62.295	9.574
62.3	1.843
62.305	-4.597
62.31	-10.277
62.315	-14.038
62.32	-15.68
62.325	-13.416
62.33	-8.021
62.335	-2.419
62.34	2.028
62.345	5.508
62.35	7.725
62.355	8.662
62.36	8.407
62.365	8.941
62.37	11.207
62.375	11.872
62.38	9.149
62.385	2.436
62.39	-6.838
62.395	-15.697
62.4	-20.871
62.405	-19.522
62.41	-11.957
62.415	-1.271
62.42	7.299
62.425	10.25
62.43	7.641
62.435	2.595
62.44	-2.492
62.445	-6.135
62.45	-7.043
62.455	-5.804
62.46	-1.508
62.465	4.95
62.47	11.331
62.475	17.241
62.48	20.345
62.485	19.435
62.49	16.938
62.495	13.043
62.5	7.072
62.505	0.33
62.51	-7.127
62.515	-14.853
62.52	-20.248
62.525	-21.192
62.53	-18.383
62.535	-13.316
62.54	-7.901
62.545	-2.951
62.55	1.783
62.555	5.322
62.56	7.772
62.565	8.115
62.57	4.76
62.575	-3.469
62.58	-15.187
62.585	-25.95
62.59	-34.045
62.595	-39.417
62.6	-41.834
62.605	-39.172
62.61	-31.317
62.615	-21.934
62.62	-11.954
62.625	-1.742
62.63	5.652
62.635	7.05
62.64	3.219
62.645	-1.749
62.65	-6.217
62.655	-9.168
62.66	-8.572
62.665	-5.692
62.67	-2.472
62.675	-0.404
62.68	-1.195
62.685	-4.435
62.69	-7.469
62.695	-7.961
62.7	-7.107
62.705	-6.191
62.71	-5.878
62.715	-6.725
62.72	-7.855
62.725	-8.414
62.73	-7.041
62.735	-4.074
62.74	-2.149
62.745	-1.84
62.75	-0.773
62.755	0.925
62.76	2.626
62.765	4.454
62.77	4.562
62.775	2.986
62.78	-0.329
62.785	-4.613
62.79	-8.79
62.795	-11.712
62.8	-11.278
62.805	-9.302
62.81	-7.23
62.815	-5.142
62.82	-3.882
62.825	-3.576
62.83	-2.712
62.835	-0.668
62.84	1.303
62.845	2.769
62.85	3.732
62.855	4.271
62.86	3.701
62.865	3.143
62.87	3.675
62.875	4.28
62.88	4.108
62.885	2.531
62.89	-0.673
62.895	-5.71
62.9	-9.274
62.905	-8.601
62.91	-5.403
62.915	-1.034
62.92	3.538
62.925	7.348
62.93	9.697
62.935	9.926
62.94	9.18
62.945	9.644
62.95	11.034
62.955	12.206
62.96	13.021
62.965	12.928
62.97	12.056
62.975	11.775
62.98	13.709
62.985	16.861
62.99	18.338
62.995	17.032
63	11.701
63.005	2.174
63.01	-7.751
63.015	-14.048
63.02	-16.261
63.025	-15.011
63.03	-10
63.035	-3.941
63.04	0.91
63.045	5.327
63.05	9.209
63.055	12.425
63.06	13.973
63.065	13.614
63.07	11.149
63.075	5.062
63.08	-2.501
63.085	-8.357
63.09	-12.173
63.095	-14.405
63.1	-14.994
63.105	-13.581
63.11	-8.971
63.115	-1.007
63.12	8.648
63.125	18.833
63.13	27.767
63.135	33.858
63.14	36.817
63.145	34.792
63.15	26.378
63.155	13.866
63.16	0.874
63.165	-8.512
63.17	-11.987
63.175	-11.73
63.18	-8.919
63.185	-3.451
63.19	2.126
63.195	6.663
63.2	11.062
63.205	14.983
63.21	17.824
63.215	19.658
63.22	20.511
63.225	20.231
63.23	19.578
63.235	18.441
63.24	15.435
63.245	10.656
63.25	4.52
63.255	-0.629
63.26	-1.658
63.265	1.237
63.27	5.506
63.275	8.643
63.28	10.851
63.285	12.896
63.29	15.511
63.295	18.213
63.3	18.909
63.305	16.535
63.31	11.51
63.315	6.63
63.32	1.479
63.325	-5.485
63.33	-13.258
63.335	-20.003
63.34	-22.325
63.345	-17.797
63.35	-5.623
63.355	9.168
63.36	20.399
63.365	24.615
63.37	19.177
63.375	7.136
63.38	-5.801
63.385	-13.717
63.39	-14.798
63.395	-10.41
63.4	-2.234
63.405	5.121
63.41	10.609
63.415	14.953
63.42	15.941
63.425	13.454
63.43	10.161
63.435	6.646
63.44	2.65
63.445	-0.218
63.45	0.425
63.455	4.855
63.46	9.985
63.465	13.996
63.47	16.006
63.475	14.741
63.48	11.235
63.485	9.198
63.49	10.106
63.495	10.767
63.5	9.055
63.505	5.482
63.51	0.914
63.515	-3.388
63.52	-5.218
63.525	-2.614
63.53	5.152
63.535	15.362
63.54	23.082
63.545	26.497
63.55	25.836
63.555	21.867
63.56	16.077
63.565	10.071
63.57	4.735
63.575	0.365
63.58	-2.506
63.585	-3.917
63.59	-3.872
63.595	-3.025
63.6	-3.517
63.605	-5.809
63.61	-6.605
63.615	-2.952
63.62	4.505
63.625	12.729
63.63	17.747
63.635	18.467
63.64	16.656
63.645	12.979
63.65	7.251
63.655	0.789
63.66	-4.19
63.665	-7.816
63.67	-11.342
63.675	-15.322
63.68	-19.733
63.685	-23.335
63.69	-24.617
63.695	-23.246
63.7	-20.092
63.705	-16.2
63.71	-13.088
63.715	-10.845
63.72	-8.529
63.725	-7.037
63.73	-7.782
63.735	-10.972
63.74	-15.191
63.745	-19.251
63.75	-20.99
63.755	-18.441
63.76	-13.738
63.765	-8.781
63.77	-3.963
63.775	-0.26
63.78	2.287
63.785	4.46
63.79	7.136
63.795	9.88
63.8	11.399
63.805	10.987
63.81	8.474
63.815	4.879
63.82	0.9
63.825	-1.536
63.83	-0.04
63.835	4.184
63.84	9.218
63.845	14.18
63.85	18.827
63.855	22.155
63.86	23.639
63.865	24.78
63.87	25.401
63.875	24.204
63.88	20.301
63.885	14.283
63.89	8.301
63.895	2.945
63.9	-1.852
63.905	-5.397
63.91	-8.054
63.915	-10.214
63.92	-10.59
63.925	-8.71
63.93	-6.503
63.935	-5.928
63.94	-7.798
63.945	-12.217
63.95	-17.73
63.955	-22.617
63.96	-25
63.965	-23.199
63.97	-18.334
63.975	-12.323
63.98	-6.232
63.985	-2.339
63.99	-3.197
63.995	-9.145
64	-18.727
64.005	-29.075
64.01	-37.858
64.015	-43.894
64.02	-46.498
64.025	-46.451
64.03	-43.378
64.035	-36.372
64.04	-25.944
64.045	-13.861
64.05	-3.562
64.055	2.396
64.06	3.374
64.065	0.878
64.07	-2.917
64.075	-6.79
64.08	-9.234
64.085	-9.691
64.09	-8.92
64.095	-7.853
64.1	-6.035
64.105	-2.998
64.11	-0.164
64.115	2.291
64.12	5.175
64.125	7.957
64.13	8.945
64.135	7.011
64.14	2.247
64.145	-5.568
64.15	-14.9
64.155	-22.334
64.16	-26.243
64.165	-25.894
64.17	-21.118
64.175	-13.514
64.18	-5.336
64.185	1.541
64.19	6.245
64.195	8.185
64.2	7.658
64.205	5.613
64.21	2.971
64.215	0.365
64.22	-2.395
64.225	-4.377
64.23	-5.144
64.235	-5.463
64.24	-6.587
64.245	-9.521
64.25	-13.063
64.255	-15.873
64.26	-17.593
64.265	-18.671
64.27	-19.334
64.275	-19.158
64.28	-18.172
64.285	-14.753
64.29	-7.804
64.295	0.716
64.3	9.49
64.305	17.221
64.31	22.419
64.315	24.287
64.32	22.168
64.325	17.916
64.33	13.946
64.335	11.234
64.34	9.423
64.345	7.374
64.35	5.054
64.355	1.867
64.36	-2.814
64.365	-8.298
64.37	-13.309
64.375	-15.994
64.38	-15.808
64.385	-12.951
64.39	-8.202
64.395	-3.436
64.4	1.106
64.405	5.997
64.41	10.865
64.415	13.796
64.42	12.757
64.425	7.561
64.43	0.338
64.435	-5.936
64.44	-11.673
64.445	-16.765
64.45	-18.35
64.455	-15.371
64.46	-8.603
64.465	0.064
64.47	7.866
64.475	12.507
64.48	13.746
64.485	12.629
64.49	10.426
64.495	8.356
64.5	7.874
64.505	9.636
64.51	12.289
64.515	15.623
64.52	18.497
64.525	18.01
64.53	13.314
64.535	4.517
64.54	-6.548
64.545	-17.766
64.55	-28.292
64.555	-35.714
64.56	-38.38
64.565	-37.379
64.57	-34.832
64.575	-32.528
64.58	-31.186
64.585	-29.983
64.59	-27.897
64.595	-25.695
64.6	-24.066
64.605	-22.446
64.61	-19.237
64.615	-13.189
64.62	-5.856
64.625	-0.812
64.63	-0.709
64.635	-5.364
64.64	-11.517
64.645	-14.469
64.65	-13.555
64.655	-11.336
64.66	-8.924
64.665	-7.263
64.67	-7.005
64.675	-7.902
64.68	-8.413
64.685	-8.077
64.69	-8.41
64.695	-10.178
64.7	-14.72
64.705	-21.076
64.71	-26.349
64.715	-30.232
64.72	-32.773
64.725	-33.576
64.73	-32.724
64.735	-30.715
64.74	-28.135
64.745	-25.776
64.75	-24.734
64.755	-24.351
64.76	-23.379
64.765	-22.503
64.77	-22.948
64.775	-25.149
64.78	-29.891
64.785	-37.481
64.79	-45.315
64.795	-50.272
64.8	-51.286
64.805	-49.173
64.81	-46.004
64.815	-42.748
64.82	-39.403
64.825	-35.974
64.83	-31.813
64.835	-26.754
64.84	-21.008
64.845	-14.022
64.85	-5.361
64.855	5.145
64.86	16.35
64.865	24.888
64.87	28.795
64.875	27.74
64.88	21.344
64.885	11.944
64.89	4.428
64.895	2.38
64.9	4.975
64.905	9.013
64.91	12.842
64.915	16.478
64.92	21.31
64.925	27.356
64.93	31.697
64.935	33.419
64.94	35.248
64.945	39.287
64.95	44.523
64.955	47.644
64.96	46.062
64.965	39.403
64.97	29.686
64.975	20.563
64.98	13.655
64.985	9.337
64.99	8.753
64.995	11.611
65	16.128
65.005	20.788
65.01	24.134
65.015	24.848
65.02	23.218
65.025	21.055
65.03	20.583
65.035	22.362
65.04	23.948
65.045	21.787
65.05	14.883
65.055	6.269
65.06	-0.149
65.065	-2.483
65.07	-0.621
65.075	4.601
65.08	11.391
65.085	18.374
65.09	24.246
65.095	27.309
65.1	27.727
65.105	25.817
65.11	22.044
65.115	17.605
65.12	12.861
65.125	8.302
65.13	4.367
65.135	1.988
65.14	2.697
65.145	6.185
65.15	9.04
65.155	9.415
65.16	8.847
65.165	8.039
65.17	7.616
65.175	8.807
65.18	11.504
65.185	13.874
65.19	14.94
65.195	15.328
65.2	15.788
65.205	17.175
65.21	19.174
65.215	20.533
65.22	21.224
65.225	21.709
65.23	21.107
65.235	19.043
65.24	16.917
65.245	15.295
65.25	12.819
65.255	8.327
65.26	1.927
65.265	-4.977
65.27	-11.25
65.275	-16.619
65.28	-19.608
65.285	-19.362
65.29	-16.968
65.295	-13.265
65.3	-9.243
65.305	-5.967
65.31	-4.12
65.315	-4.844
65.32	-7.757
65.325	-10.774
65.33	-11.323
65.335	-8.086
65.34	-1.903
65.345	5.391
65.35	10.382
65.355	10.499
65.36	6.003
65.365	-0.885
65.37	-7.793
65.375	-12.965
65.38	-15.056
65.385	-14.705
65.39	-13.27
65.395	-10.647
65.4	-6.075
65.405	-0.414
65.41	5.043
65.415	10.42
65.42	14.705
65.425	15.848
65.43	14.423
65.435	12.472
65.44	10.5
65.445	9.117
65.45	9.054
65.455	9.937
65.46	11.179
65.465	12.539
65.47	13.69
65.475	13.911
65.48	14.891
65.485	18.986
65.49	24.739
65.495	31.003
65.5	38.721
65.505	46.054
65.51	50.064
65.515	50.513
65.52	48.437
65.525	44.431
65.53	39.01
65.535	33.663
65.54	29.433
65.545	27.061
65.55	26.342
65.555	24.579
65.56	21.028
65.565	16.674
65.57	11.433
65.575	6.336
65.58	3.178
65.585	2.44
65.59	3.167
65.595	4.489
65.6	6.066
65.605	7.655
65.61	10.906
65.615	16.931
65.62	22.827
65.625	25.622
65.63	25.021
65.635	21.31
65.64	14.915
65.645	7.704
65.65	1.052
65.655	-5.709
65.66	-12.61
65.665	-17.669
65.67	-18.755
65.675	-15.312
65.68	-9.362
65.685	-3.764
65.69	0.755
65.695	4.201
65.7	7.219
65.705	10.369
65.71	12.738
65.715	13.938
65.72	13.09
65.725	10.568
65.73	8.531
65.735	7.695
65.74	8.335
65.745	10.179
65.75	13.32
65.755	18.45
65.76	22.934
65.765	23.564
65.77	20.763
65.775	15.481
65.78	9.046
65.785	3.303
65.79	-1.434
65.795	-4.428
65.8	-5.751
65.805	-7.096
65.81	-9.208
65.815	-11.231
65.82	-11.639
65.825	-10.385
65.83	-8.783
65.835	-7.946
65.84	-7.647
65.845	-6.652
65.85	-4.885
65.855	-3.73
65.86	-3.93
65.865	-5.296
65.87	-8.758
65.875	-14.698
65.88	-21.386
65.885	-26.997
65.89	-30.323
65.895	-30.879
65.9	-28.281
65.905	-21.918
65.91	-12.805
65.915	-3.407
65.92	4.605
65.925	10.523
65.93	14.314
65.935	15.91
65.94	14.636
65.945	10.827
65.95	6.235
65.955	3.543
65.96	4.737
65.965	9.243
65.97	15.346
65.975	21.067
65.98	24.448
65.985	26.083
65.99	28.32
65.995	31.405
66	33.806
66.005	34.367
66.01	32.623
66.015	29.356
66.02	26.247
66.025	24.149
66.03	22.879
66.035	22.239
66.04	21.825
66.045	20.869
66.05	19.694
66.055	18.403
66.06	15.21
66.065	9.546
66.07	4.268
66.075	1.863
66.08	2.16
66.085	5.497
66.09	12.009
66.095	18.878
66.1	23.086
66.105	24.903
66.11	24.459
66.115	20.653
66.12	14.66
66.125	8.484
66.13	4.4
66.135	4.132
66.14	7.142
66.145	10.675
66.15	12.056
66.155	12.039
66.16	11.816
66.165	10.128
66.17	5.94
66.175	1.518
66.18	0.172
66.185	1.367
66.19	2.085
66.195	0.798
66.2	-1.887
66.205	-4.453
66.21	-6.559
66.215	-9.184
66.22	-13.148
66.225	-19.146
66.23	-27.188
66.235	-36.032
66.24	-44.136
66.245	-50.805
66.25	-56.086
66.255	-59.712
66.26	-61.554
66.265	-61.439
66.27	-58.631
66.275	-52.746
66.28	-44.817
66.285	-37.576
66.29	-32.263
66.295	-27.906
66.3	-24.706
66.305	-23.243
66.31	-22.978
66.315	-23.275
66.32	-23.451
66.325	-22.301
66.33	-19.725
66.335	-17.125
66.34	-14.767
66.345	-12.485
66.35	-11.432
66.355	-11.761
66.36	-13.102
66.365	-16.122
66.37	-19.822
66.375	-22.64
66.38	-25.462
66.385	-29.457
66.39	-33.23
66.395	-35.251
66.4	-36.09
66.405	-36.279
66.41	-35.597
66.415	-33.552
66.42	-30.47
66.425	-27.27
66.43	-24.074
66.435	-21.111
66.44	-17.849
66.445	-13.725
66.45	-10.9
66.455	-11.183
66.46	-14.4
66.465	-19.922
66.47	-26.289
66.475	-31.933
66.48	-34.985
66.485	-34.641
66.49	-33.392
66.495	-33.7
66.5	-34.725
66.505	-34.881
66.51	-34.221
66.515	-32.964
66.52	-31.168
66.525	-29.211
66.53	-26.719
66.535	-22.619
66.54	-17.646
66.545	-14.237
66.55	-13.299
66.555	-14.174
66.56	-15.979
66.565	-18.228
66.57	-21.114
66.575	-24.115
66.58	-25.316
66.585	-23.038
66.59	-17.389
66.595	-9.352
66.6	-0.11
66.605	8.974
66.61	17.16
66.615	23.79
66.62	28.329
66.625	31.383
66.63	34.931
66.635	39.451
66.64	42.609
66.645	42.734
66.65	38.681
66.655	30.102
66.66	18.297
66.665	4.896
66.67	-7.952
66.675	-18.487
66.68	-25.396
66.685	-28.633
66.69	-29.16
66.695	-26.901
66.7	-22.546
66.705	-17.478
66.71	-12.357
66.715	-7.776
66.72	-3.304
66.725	1.594
66.73	6.491
66.735	10.868
66.74	13.408
66.745	13.18
66.75	10.161
66.755	5.051
66.76	-0.982
66.765	-7.915
66.77	-15.648
66.775	-23.752
66.78	-30.863
66.785	-34.513
66.79	-34.636
66.795	-32.904
66.8	-31.152
66.805	-30.674
66.81	-30.94
66.815	-30.69
66.82	-29.048
66.825	-26.463
66.83	-22.665
66.835	-16.977
66.84	-10.333
66.845	-4.277
66.85	-0.534
66.855	0.946
66.86	1.414
66.865	2.078
66.87	3.879
66.875	6.884
66.88	9.921
66.885	10.334
66.89	6.869
66.895	1.225
66.9	-4.585
66.905	-9.97
66.91	-14.057
66.915	-16.174
66.92	-17.315
66.925	-18.412
66.93	-19.183
66.935	-19.705
66.94	-20.867
66.945	-23.004
66.95	-25.971
66.955	-29.289
66.96	-32.386
66.965	-34.525
66.97	-34.864
66.975	-33.633
66.98	-32.23
66.985	-31.639
66.99	-32.195
66.995	-33.354
67	-33.768
67.005	-33.28
67.01	-31.552
67.015	-26.929
67.02	-18.62
67.025	-8.135
67.03	2.62
67.035	13.138
67.04	22.418
67.045	29.37
67.05	34.58
67.055	38.8
67.06	42.442
67.065	46.047
67.07	49.729
67.075	53.088
67.08	55.569
67.085	57.625
67.09	59.532
67.095	60.667
67.1	61.471
67.105	62.124
67.11	61.902
67.115	61.484
67.12	62.184
67.125	64.599
67.13	69.4
67.135	76.193
67.14	83.339
67.145	90.336
67.15	97.606
67.155	105.02
67.16	111.375
67.165	116.349
67.17	120.501
67.175	123.129
67.18	124.217
67.185	124.719
67.19	125.325
67.195	125.978
67.2	126.194
67.205	126.371
67.21	126.94
67.215	127.39
67.22	126.968
67.225	125.782
67.23	124.41
67.235	123.414
67.24	123.258
67.245	124.44
67.25	126.713
67.255	128.734
67.26	130.261
67.265	131.631
67.27	132.706
67.275	133.599
67.28	134.53
67.285	135.651
67.29	136.616
67.295	136.945
67.3	136.757
67.305	136.409
67.31	136.021
67.315	135.91
67.32	135.892
67.325	135.827
67.33	135.857
67.335	135.554
67.34	135.372
67.345	135.356
67.35	135.726
67.355	136.231
67.36	135.808
67.365	134.967
67.37	133.899
67.375	133.321
67.38	133.2
67.385	132.895
67.39	132.73
67.395	132.32
67.4	131.557
67.405	130.528
67.41	129.461
67.415	128.259
67.42	126.917
67.425	125.05
67.43	121.857
67.435	118.115
67.44	114.539
67.445	111.485
67.45	108.885
67.455	106.212
67.46	103.366
67.465	99.705
67.47	95.078
67.475	89.935
67.48	84.031
67.485	77.588
67.49	70.678
67.495	63.19
67.5	55.509
67.505	47.533
67.51	39.666
67.515	32.552
67.52	25.83
67.525	19.247
67.53	12.715
67.535	6.171
67.54	0.158
67.545	-5.208
67.55	-9.792
67.555	-13.426
67.56	-16.711
67.565	-19.878
67.57	-22.903
67.575	-25.926
67.58	-28.798
67.585	-31.746
67.59	-35.018
67.595	-37.836
67.6	-40.187
67.605	-42.042
67.61	-42.926
67.615	-43.464
67.62	-44.16
67.625	-45.545
67.63	-47.839
67.635	-50.594
67.64	-53.341
67.645	-55.531
67.65	-56.854
67.655	-57.4
67.66	-57.844
67.665	-58.801
67.67	-60.566
67.675	-63.059
67.68	-65.965
67.685	-69.113
67.69	-72.387
67.695	-75.879
67.7	-79.333
67.705	-82.955
67.71	-87.35
67.715	-92.357
67.72	-97.613
67.725	-102.949
67.73	-107.746
67.735	-111.778
67.74	-115.734
67.745	-119.629
67.75	-123.614
67.755	-127.697
67.76	-131.2
67.765	-133.713
67.77	-135.118
67.775	-135.383
67.78	-134.632
67.785	-133.115
67.79	-130.847
67.795	-128.517
67.8	-126.477
67.805	-124.805
67.81	-123.698
67.815	-122.59
67.82	-121.306
67.825	-119.939
67.83	-118.738
67.835	-118.029
67.84	-118.327
67.845	-120.063
67.85	-122.603
67.855	-124.879
67.86	-126.177
67.865	-126.115
67.87	-124.336
67.875	-121.405
67.88	-117.909
67.885	-113.272
67.89	-107.097
67.895	-98.278
67.9	-85.85
67.905	-70.9
67.91	-54.412
67.915	-37.68
67.92	-22.76
67.925	-10.535
67.93	-1.436
67.935	4.487
67.94	7.452
67.945	7.407
67.95	5.317
67.955	1.695
67.96	-3.447
67.965	-8.395
67.97	-12.617
67.975	-17.111
67.98	-21.41
67.985	-25.222
67.99	-29.184
67.995	-33.393
68	-37.573
68.005	-41.395
68.01	-45.192
68.015	-48.743
68.02	-51.575
68.025	-54.207
68.03	-57.221
68.035	-60.946
68.04	-64.805
68.045	-68.719
68.05	-72.228
68.055	-74.974
68.06	-77.382
68.065	-79.281
68.07	-80.85
68.075	-82.242
68.08	-83.808
68.085	-85.16
68.09	-85.683
68.095	-84.798
68.1	-81.771
68.105	-76.953
68.11	-71.656
68.115	-66.729
68.12	-61.86
68.125	-57.249
68.13	-52.407
68.135	-46.893
68.14	-41.463
68.145	-35.911
68.15	-30.44
68.155	-25.996
68.16	-22.451
68.165	-20.577
68.17	-20.589
68.175	-21.821
68.18	-24.295
68.185	-27.446
68.19	-30.71
68.195	-33.621
68.2	-37.467
68.205	-42.025
68.21	-46.489
68.215	-50.856
68.22	-53.652
68.225	-55.011
68.23	-54.669
68.235	-53.148
68.24	-51.238
68.245	-49.221
68.25	-48.458
68.255	-48.893
68.26	-49.8
68.265	-50.703
68.27	-51.129
68.275	-50.682
68.28	-49.201
68.285	-45.978
68.29	-40.695
68.295	-33.949
68.3	-26.275
68.305	-18.346
68.31	-11.171
68.315	-5.031
68.32	0.032
68.325	3.934
68.33	7.487
68.335	10.867
68.34	14.074
68.345	16.548
68.35	18.263
68.355	20.005
68.36	21.717
68.365	23.564
68.37	25.442
68.375	27.124
68.38	28.926
68.385	31.137
68.39	33.69
68.395	36.596
68.4	39.453
68.405	41.796
68.41	43.102
68.415	43.296
68.42	42.396
68.425	40.63
68.43	38.72
68.435	36.52
68.44	34.758
68.445	33.15
68.45	31.112
68.455	28.772
68.46	26.142
68.465	24.002
68.47	22.169
68.475	20.492
68.48	19.523
68.485	19.964
68.49	21.768
68.495	24.545
68.5	28.025
68.505	31.501
68.51	34.753
68.515	37.793
68.52	40.542
68.525	43.015
68.53	45.099
68.535	46.382
68.54	46.011
68.545	43.801
68.55	40.824
68.555	37.587
68.56	34.677
68.565	31.991
68.57	28.53
68.575	23.907
68.58	17.416
68.585	9.254
68.59	-0.248
68.595	-10.295
68.6	-19.773
68.605	-28.788
68.61	-37.018
68.615	-44.219
68.62	-49.78
68.625	-53.446
68.63	-55.851
68.635	-57.116
68.64	-57.575
68.645	-56.961
68.65	-54.853
68.655	-51.202
68.66	-46.263
68.665	-40.878
68.67	-35.844
68.675	-31.492
68.68	-27.476
68.685	-23.402
68.69	-19.01
68.695	-14.425
68.7	-9.487
68.705	-4.024
68.71	2.249
68.715	9.26
68.72	16.188
68.725	23.272
68.73	29.69
68.735	34.325
68.74	36.634
68.745	35.935
68.75	33.076
68.755	29.358
68.76	25.987
68.765	23.887
68.77	23.145
68.775	22.75
68.78	21.396
68.785	18.843
68.79	15.059
68.795	10.002
68.8	4.052
68.805	-2.787
68.81	-10.693
68.815	-18.821
68.82	-25.836
68.825	-31.852
68.83	-37.599
68.835	-42.43
68.84	-46.736
68.845	-51.34
68.85	-54.85
68.855	-57.036
68.86	-57.853
68.865	-56.126
68.87	-51.624
68.875	-44.565
68.88	-36.471
68.885	-28.488
68.89	-21.532
68.895	-16.394
68.9	-11.353
68.905	-5.682
68.91	-0.562
68.915	4.226
68.92	8.677
68.925	11.745
68.93	14.161
68.935	15.661
68.94	16.023
68.945	16.227
68.95	16.174
68.955	16.664
68.96	17.298
68.965	18.184
68.97	19.645
68.975	20.819
68.98	21.267
68.985	20.827
68.99	20.511
68.995	20.232
69	20.429
69.005	21.494
69.01	23.568
69.015	27.214
69.02	32.163
69.025	38.8
69.03	46.761
69.035	55.215
69.04	62.342
69.045	66.123
69.05	66.147
69.055	63.394
69.06	59.35
69.065	54.019
69.07	47.39
69.075	40.226
69.08	32.304
69.085	23.143
69.09	13.666
69.095	5.163
69.1	-2.216
69.105	-8.023
69.11	-11.805
69.115	-14.111
69.12	-14.344
69.125	-13.045
69.13	-10.82
69.135	-7.837
69.14	-4.886
69.145	-0.889
69.15	3.891
69.155	9.349
69.16	15.909
69.165	23.208
69.17	30.883
69.175	38.263
69.18	44.694
69.185	49.277
69.19	52.09
69.195	53.449
69.2	53.957
69.205	53.874
69.21	53.956
69.215	55.32
69.22	56.632
69.225	56.215
69.23	54.284
69.235	50.91
69.24	45.716
69.245	38.943
69.25	30.766
69.255	22.508
69.26	14.818
69.265	7.91
69.27	2.061
69.275	-3.275
69.28	-8.064
69.285	-12.82
69.29	-17.936
69.295	-23.471
69.3	-29.097
69.305	-34.37
69.31	-38.58
69.315	-40.122
69.32	-37.915
69.325	-31.206
69.33	-20.394
69.335	-8.223
69.34	2.564
69.345	10.641
69.35	15.881
69.355	18.606
69.36	18.09
69.365	14.558
69.37	8.5
69.375	-0.342
69.38	-11.163
69.385	-22.52
69.39	-32.575
69.395	-41.063
69.4	-48.155
69.405	-53.522
69.41	-58.334
69.415	-62.956
69.42	-67.158
69.425	-70.834
69.43	-73.577
69.435	-75.48
69.44	-76.491
69.445	-76.397
69.45	-75.059
69.455	-73.31
69.46	-71.564
69.465	-69.761
69.47	-68.69
69.475	-69.058
69.48	-71.059
69.485	-74.049
69.49	-77.209
69.495	-79.783
69.5	-80.709
69.505	-78.541
69.51	-71.766
69.515	-58.829
69.52	-39.49
69.525	-15.001
69.53	11.305
69.535	36.355
69.54	58.501
69.545	74.642
69.55	85.184
69.555	90.828
69.56	91.099
69.565	88.087
69.57	82.045
69.575	72.798
69.58	61.126
69.585	47.876
69.59	34.723
69.595	22.608
69.6	10.967
69.605	0.096
69.61	-9.902
69.615	-19.642
69.62	-28.347
69.625	-35.718
69.63	-42.972
69.635	-50.107
69.64	-56.986
69.645	-63.54
69.65	-67.473
69.655	-69.358
69.66	-69.591
69.665	-66.827
69.67	-62.362
69.675	-56.719
69.68	-51.044
69.685	-45.841
69.69	-41.183
69.695	-38.511
69.7	-36.264
69.705	-33.697
69.71	-31.296
69.715	-28.145
69.72	-24.801
69.725	-22.176
69.73	-20.991
69.735	-21.58
69.74	-23.917
69.745	-27.271
69.75	-30.704
69.755	-34.145
69.76	-37.555
69.765	-41.069
69.77	-44.105
69.775	-46.306
69.78	-47.152
69.785	-46.404
69.79	-45.06
69.795	-43.834
69.8	-42.981
69.805	-42.638
69.81	-42.959
69.815	-42.879
69.82	-41.48
69.825	-39.556
69.83	-37.579
69.835	-35.322
69.84	-33.564
69.845	-32.75
69.85	-32.772
69.855	-34.375
69.86	-37.235
69.865	-40.109
69.87	-42.333
69.875	-43.375
69.88	-43.136
69.885	-41.971
69.89	-40.079
69.895	-37.974
69.9	-35.448
69.905	-32.031
69.91	-28.072
69.915	-23.419
69.92	-18.712
69.925	-14.799
69.93	-11.471
69.935	-8.877
69.94	-6.61
69.945	-4.343
69.95	-2.835
69.955	-2.285
69.96	-2.394
69.965	-3.462
69.97	-5.94
69.975	-9.543
69.98	-13.383
69.985	-16.658
69.99	-19.858
69.995	-23.245
70	-26.389
70.005	-29.613
70.01	-32.695
70.015	-35.805
70.02	-39.019
70.025	-41.628
70.03	-43.74
70.035	-45.293
70.04	-45.656
70.045	-44.838
70.05	-43.633
70.055	-41.471
70.06	-37.901
70.065	-33.744
70.07	-28.979
70.075	-24.164
70.08	-20.016
70.085	-16.668
70.09	-14.96
70.095	-15.155
70.1	-16.665
70.105	-19.086
70.11	-22.229
70.115	-25.837
70.12	-29.066
70.125	-32.016
70.13	-34.602
70.135	-36.349
70.14	-37.62
70.145	-38.117
70.15	-38.466
70.155	-38.707
70.16	-38.566
70.165	-38.106
70.17	-36.952
70.175	-35.71
70.18	-33.91
70.185	-30.466
70.19	-25.485
70.195	-19.778
70.2	-12.851
70.205	-5.089
70.21	1.654
70.215	8.037
70.22	14.601
70.225	21.011
70.23	27.87
70.235	35.178
70.24	42.971
70.245	51.184
70.25	59.202
70.255	67.211
70.26	75.135
70.265	82.868
70.27	90.159
70.275	96.564
70.28	102.523
70.285	108.126
70.29	113.025
70.295	117.104
70.3	121.356
70.305	124.812
70.31	126.564
70.315	128.303
70.32	129.674
70.325	130.152
70.33	130.18
70.335	130.197
70.34	129.86
70.345	128.548
70.35	126.41
70.355	123.377
70.36	119.012
70.365	113.499
70.37	107.613
70.375	101.147
70.38	94.288
70.385	87.263
70.39	80.355
70.395	73.115
70.4	64.882
70.405	56.177
70.41	46.847
70.415	37.362
70.42	28.859
70.425	21.519
70.43	15.4
70.435	10.685
70.44	7.165
70.445	5.114
70.45	4.238
70.455	4.329
70.46	5.248
70.465	6.436
70.47	7.538
70.475	7.784
70.48	7.537
70.485	6.33
70.49	3.894
70.495	1.64
70.5	-0.889
70.505	-4.094
70.51	-7.282
70.515	-10.379
70.52	-12.95
70.525	-14.337
70.53	-13.914
70.535	-11.79
70.54	-8.335
70.545	-3.593
70.55	2.273
70.555	9.39
70.56	16.991
70.565	24.134
70.57	30.829
70.575	36.916
70.58	41.446
70.585	44.585
70.59	46.538
70.595	46.694
70.6	45.184
70.605	42.345
70.61	39.065
70.615	35.188
70.62	31.18
70.625	28.081
70.63	25.027
70.635	21.815
70.64	18.568
70.645	15.165
70.65	12.031
70.655	9.577
70.66	7.517
70.665	5.62
70.67	3.934
70.675	2.225
70.68	1.311
70.685	1.338
70.69	0.915
70.695	0.39
70.7	0.258
70.705	-0.465
70.71	-1.779
70.715	-3.791
70.72	-6.266
70.725	-8.443
70.73	-10.02
70.735	-10.303
70.74	-9.909
70.745	-8.961
70.75	-6.69
70.755	-3.401
70.76	0.515
70.765	4.833
70.77	9.178
70.775	13.089
70.78	16.316
70.785	18.643
70.79	19.501
70.795	17.825
70.8	14.222
70.805	9.233
70.81	2.44
70.815	-4.989
70.82	-13.049
70.825	-22.193
70.83	-31.442
70.835	-40.222
70.84	-49.094
70.845	-57.415
70.85	-63.606
70.855	-67.813
70.86	-69.049
70.865	-66.417
70.87	-61.183
70.875	-53.103
70.88	-42.148
70.885	-29.721
70.89	-16.642
70.895	-3.393
70.9	10.172
70.905	23.497
70.91	36.016
70.915	47.161
70.92	55.882
70.925	62.264
70.93	66.623
70.935	69.899
70.94	72.998
70.945	76.395
70.95	79.869
70.955	82.558
70.96	84.331
70.965	85.469
70.97	85.687
70.975	84.808
70.98	83.713
70.985	82.249
70.99	80.277
70.995	77.629
71	73.765
71.005	68.454
71.01	61.28
71.015	52.974
71.02	44.3
71.025	35.546
71.03	27.203
71.035	20.001
71.04	13.233
71.045	6.786
71.05	1.377
71.055	-3.968
71.06	-8.462
71.065	-11.876
71.07	-14.551
71.075	-15.426
71.08	-15.023
71.085	-13.904
71.09	-12.84
71.095	-12.347
71.1	-13.175
71.105	-16.064
71.11	-19.343
71.115	-22.771
71.12	-25.936
71.125	-27.959
71.13	-29.403
71.135	-30.159
71.14	-30.561
71.145	-30.462
71.15	-30.56
71.155	-32.054
71.16	-34.695
71.165	-38.328
71.17	-42.228
71.175	-46.104
71.18	-49.951
71.185	-53.779
71.19	-57.098
71.195	-59.415
71.2	-61.549
71.205	-62.929
71.21	-62.867
71.215	-61.704
71.22	-59.212
71.225	-55.05
71.23	-49.716
71.235	-43.45
71.24	-36.222
71.245	-28.074
71.25	-19.442
71.255	-11.217
71.26	-3.471
71.265	3.041
71.27	7.742
71.275	10.957
71.28	13.458
71.285	15.472
71.29	16.756
71.295	18.19
71.3	19.992
71.305	21.37
71.31	22.053
71.315	22.678
71.32	23.219
71.325	23.589
71.33	24.44
71.335	26.003
71.34	27.945
71.345	29.835
71.35	31.375
71.355	31.538
71.36	29.947
71.365	26.776
71.37	22.36
71.375	17.69
71.38	12.641
71.385	7.739
71.39	3.539
71.395	-0.731
71.4	-5.131
71.405	-8.806
71.41	-11.172
71.415	-12.386
71.42	-11.743
71.425	-9.035
71.43	-4.633
71.435	0.755
71.44	5.957
71.445	11.263
71.45	16.483
71.455	21.672
71.46	27.283
71.465	32.475
71.47	37
71.475	40.788
71.48	43.556
71.485	45.768
71.49	47.296
71.495	48.384
71.5	49.927
71.505	51.379
71.51	52.704
71.515	54.544
71.52	56.508
71.525	58.42
71.53	60.516
71.535	62.668
71.54	64.905
71.545	66.909
71.55	68.959
71.555	71.816
71.56	75.2
71.565	79.254
71.57	83.147
71.575	86.093
71.58	88.673
71.585	90.404
71.59	90.568
71.595	89.494
71.6	87.725
71.605	85.531
71.61	83.205
71.615	80.512
71.62	77.579
71.625	74.829
71.63	72.455
71.635	70.394
71.64	68.481
71.645	67.285
71.65	66.026
71.655	64.458
71.66	63.296
71.665	61.354
71.67	58.085
71.675	53.385
71.68	47.023
71.685	39.719
71.69	32.469
71.695	25.813
71.7	19.724
71.705	14.204
71.71	8.689
71.715	3.838
71.72	0.165
71.725	-2.53
71.73	-4.055
71.735	-5.343
71.74	-5.604
71.745	-5.317
71.75	-5.735
71.755	-5.831
71.76	-6.366
71.765	-7.684
71.77	-9.171
71.775	-11.482
71.78	-14.724
71.785	-18.28
71.79	-22.451
71.795	-27.434
71.8	-32.781
71.805	-38.702
71.81	-45.047
71.815	-51.512
71.82	-57.972
71.825	-63.731
71.83	-68.945
71.835	-73.839
71.84	-77.905
71.845	-81.232
71.85	-83.83
71.855	-85.85
71.86	-87.118
71.865	-87.422
71.87	-87.078
71.875	-85.431
71.88	-82.545
71.885	-78.938
71.89	-74.609
71.895	-70.404
71.9	-67.257
71.905	-65.337
71.91	-65.02
71.915	-66.069
71.92	-67.776
71.925	-70.275
71.93	-73.232
71.935	-76.927
71.94	-80.716
71.945	-84.265
71.95	-88.152
71.955	-91.724
71.96	-95.502
71.965	-99.386
71.97	-102.965
71.975	-105.43
71.98	-106.597
71.985	-106.708
71.99	-105.51
71.995	-103.811
72	-100.945
72.005	-96.878
72.01	-91.958
72.015	-86.255
72.02	-79.822
72.025	-72.753
72.03	-65.594
72.035	-58.179
72.04	-50.869
72.045	-43.447
72.05	-35.932
72.055	-28.259
72.06	-20.321
72.065	-12.322
72.07	-4.422
72.075	2.637
72.08	9.006
72.085	14.553
72.09	19.126
72.095	23.055
72.1	26.88
72.105	30.559
72.11	34.222
72.115	38.338
72.12	42.118
72.125	45.63
72.13	48.962
72.135	51.155
72.14	52.38
72.145	52.697
72.15	51.123
72.155	47.771
72.16	42.774
72.165	36.578
72.17	30.059
72.175	23.604
72.18	17.69
72.185	12.636
72.19	8.869
72.195	6.253
72.2	4.518
72.205	3.194
72.21	2.21
72.215	1.744
72.22	1.563
72.225	1.927
72.23	2.69
72.235	3.599
72.24	4.948
72.245	6.795
72.25	9.092
72.255	12.3
72.26	16.417
72.265	20.436
72.27	23.668
72.275	25.946
72.28	27.164
72.285	28.075
72.29	28.652
72.295	28.811
72.3	29.201
72.305	29.52
72.31	29.937
72.315	30.543
72.32	31.703
72.325	33.157
72.33	34.653
72.335	36.767
72.34	39.089
72.345	41.641
72.35	44.043
72.355	46.285
72.36	47.851
72.365	48.225
72.37	48.375
72.375	47.732
72.38	46.223
72.385	43.587
72.39	39.722
72.395	35.688
72.4	30.806
72.405	26.33
72.41	23.017
72.415	20.346
72.42	19.219
72.425	19.52
72.43	21.106
72.435	23.647
72.44	27.224
72.445	31.459
72.45	36.167
72.455	41.053
72.46	45.319
72.465	48.764
72.47	50.529
72.475	51.492
72.48	52.83
72.485	54.305
72.49	55.361
72.495	55.721
72.5	55.629
72.505	55.191
72.51	54.554
72.515	54.474
72.52	55.205
72.525	56.694
72.53	59.194
72.535	61.535
72.54	63.147
72.545	64.087
72.55	63.815
72.555	62.416
72.56	59.987
72.565	56.942
72.57	53.618
72.575	50.345
72.58	47.093
72.585	43.259
72.59	39.152
72.595	34.696
72.6	29.76
72.605	24.521
72.61	19.441
72.615	15.402
72.62	12.368
72.625	10.362
72.63	9.456
72.635	9.164
72.64	9.229
72.645	9.447
72.65	10.262
72.655	12.183
72.66	14.59
72.665	17.237
72.67	19.877
72.675	22.116
72.68	23.65
72.685	24.472
72.69	25.051
72.695	24.931
72.7	23.941
72.705	21.933
72.71	19.037
72.715	15.507
72.72	11.24
72.725	6.474
72.73	0.41
72.735	-6.058
72.74	-12.852
72.745	-20.751
72.75	-28.147
72.755	-34.866
72.76	-40.651
72.765	-45.72
72.77	-50.139
72.775	-53.66
72.78	-56.801
72.785	-58.323
72.79	-58.84
72.795	-58.771
72.8	-56.956
72.805	-54.436
72.81	-51.939
72.815	-49.438
72.82	-47.109
72.825	-45.489
72.83	-44.935
72.835	-44.603
72.84	-44.432
72.845	-44.199
72.85	-43.679
72.855	-43.897
72.86	-44.639
72.865	-45.271
72.87	-46.404
72.875	-47.663
72.88	-48.861
72.885	-49.982
72.89	-49.845
72.895	-48.347
72.9	-45.264
72.905	-39.959
72.91	-32.742
72.915	-25.124
72.92	-17.491
72.925	-10.627
72.93	-5.083
72.935	-0.151
72.94	3.362
72.945	6.902
72.95	10.335
72.955	13.171
72.96	17.004
72.965	20.566
72.97	23.371
72.975	25.937
72.98	27.693
72.985	28.829
72.99	29.849
72.995	30.999
73	32.633
73.005	34.012
73.01	35.528
73.015	37.933
73.02	40.387
73.025	42.987
73.03	45.705
73.035	47.56
73.04	48.333
73.045	48.29
73.05	47.214
73.055	45.451
73.06	43.152
73.065	40.882
73.07	39.595
73.075	38.84
73.08	38.275
73.085	37.692
73.09	36.372
73.095	34.263
73.1	31.675
73.105	28.779
73.11	26.008
73.115	23.271
73.12	20.919
73.125	18.799
73.13	16.845
73.135	15.003
73.14	12.31
73.145	9.22
73.15	5.771
73.155	2.083
73.16	-1.258
73.165	-4.365
73.17	-7.344
73.175	-9.936
73.18	-12.463
73.185	-15.479
73.19	-18.573
73.195	-21.961
73.2	-25.267
73.205	-28.141
73.21	-30.93
73.215	-33.09
73.22	-34.592
73.225	-35.493
73.23	-35.211
73.235	-34.119
73.24	-32.501
73.245	-30.17
73.25	-27.97
73.255	-26.372
73.26	-25.758
73.265	-26.351
73.27	-27.788
73.275	-29.763
73.28	-31.84
73.285	-34.206
73.29	-36.771
73.295	-39.36
73.3	-42.201
73.305	-45.519
73.31	-48.59
73.315	-50.941
73.32	-53.066
73.325	-54.244
73.33	-54.481
73.335	-53.663
73.34	-51.73
73.345	-48.909
73.35	-44.995
73.355	-41.018
73.36	-37.318
73.365	-34.108
73.37	-31.645
73.375	-30.241
73.38	-29.971
73.385	-30.954
73.39	-33.176
73.395	-35.597
73.4	-38.376
73.405	-41.166
73.41	-43.95
73.415	-46.83
73.42	-49.209
73.425	-51.631
73.43	-53.71
73.435	-55.322
73.44	-57.159
73.445	-59.094
73.45	-60.804
73.455	-62.265
73.46	-63.417
73.465	-63.905
73.47	-63.749
73.475	-63.27
73.48	-62.272
73.485	-60.477
73.49	-58.615
73.495	-56.8
73.5	-54.646
73.505	-52.888
73.51	-51.833
73.515	-50.97
73.52	-50.414
73.525	-49.958
73.53	-49.135
73.535	-47.944
73.54	-45.953
73.545	-43.527
73.55	-40.602
73.555	-37.152
73.56	-33.677
73.565	-29.704
73.57	-25.613
73.575	-21.759
73.58	-17.857
73.585	-13.983
73.59	-10.364
73.595	-7
73.6	-3.712
73.605	-0.706
73.61	1.807
73.615	4.233
73.62	6.288
73.625	7.83
73.63	8.889
73.635	8.823
73.64	7.462
73.645	4.422
73.65	-0.11
73.655	-5.552
73.66	-11.338
73.665	-16.89
73.67	-21.86
73.675	-26.111
73.68	-29.586
73.685	-32.2
73.69	-34.079
73.695	-35.183
73.7	-35.899
73.705	-36.575
73.71	-37.491
73.715	-38.997
73.72	-41.097
73.725	-43.811
73.73	-47.048
73.735	-50.225
73.74	-53.536
73.745	-56.811
73.75	-59.53
73.755	-62.139
73.76	-64.227
73.765	-65.747
73.77	-66.587
73.775	-66.743
73.78	-66.326
73.785	-65.021
73.79	-62.878
73.795	-59.529
73.8	-55.393
73.805	-50.64
73.81	-45.025
73.815	-38.846
73.82	-32.188
73.825	-24.945
73.83	-17.332
73.835	-9.698
73.84	-1.928
73.845	5.56
73.85	12.206
73.855	18.35
73.86	23.583
73.865	27.561
73.87	30.707
73.875	32.45
73.88	33.213
73.885	32.722
73.89	30.817
73.895	28.66
73.9	25.806
73.905	22.754
73.91	20.398
73.915	19.196
73.92	18.867
73.925	19.08
73.93	19.937
73.935	20.997
73.94	22.601
73.945	24.843
73.95	27.334
73.955	29.54
73.96	31.084
73.965	32.03
73.97	32.789
73.975	33.091
73.98	32.955
73.985	32.876
73.99	32.44
73.995	31.952
74	31.734
74.005	31.388
74.01	30.845
74.015	30.246
74.02	28.913
74.025	27.021
74.03	24.923
74.035	22.453
74.04	20.352
74.045	18.462
74.05	16.853
74.055	15.571
74.06	14.235
74.065	12.581
74.07	10.557
74.075	8.637
74.08	6.339
74.085	4.172
74.09	2.45
74.095	0.662
74.1	-0.312
74.105	-0.445
74.11	-0.225
74.115	0.395
74.12	1.6
74.125	3.214
74.13	4.981
74.135	7.03
74.14	9.28
74.145	11.699
74.15	14.282
74.155	17.172
74.16	20.065
74.165	22.865
74.17	25.367
74.175	27.114
74.18	28.353
74.185	28.843
74.19	28.476
74.195	27.47
74.2	25.612
74.205	22.716
74.21	19.32
74.215	15.559
74.22	11.387
74.225	7.21
74.23	2.877
74.235	-1.381
74.24	-5.254
74.245	-8.9
74.25	-12.31
74.255	-15.043
74.26	-17.151
74.265	-18.961
74.27	-20.359
74.275	-21.744
74.28	-23.317
74.285	-24.84
74.29	-26.015
74.295	-27.207
74.3	-28.194
74.305	-28.632
74.31	-28.882
74.315	-28.291
74.32	-27.411
74.325	-26.576
74.33	-25.867
74.335	-25.928
74.34	-26.714
74.345	-28.161
74.35	-29.8
74.355	-31.427
74.36	-32.636
74.365	-33.582
74.37	-33.993
74.375	-33.544
74.38	-32.88
74.385	-31.56
74.39	-29.424
74.395	-26.578
74.4	-22.769
74.405	-18.219
74.41	-13.07
74.415	-7.543
74.42	-1.707
74.425	4.676
74.43	11.18
74.435	17.646
74.44	23.837
74.445	29.458
74.45	34.641
74.455	39.209
74.46	42.992
74.465	45.925
74.47	48.052
74.475	49.511
74.48	50.507
74.485	51.134
74.49	51.781
74.495	52.088
74.5	52.048
74.505	52.322
74.51	52.302
74.515	52.241
74.52	52.506
74.525	52.637
74.53	52.686
74.535	52.781
74.54	52.683
74.545	51.886
74.55	50.381
74.555	48.465
74.56	46.097
74.565	43.494
74.57	40.842
74.575	37.855
74.58	34.467
74.585	30.939
74.59	27.392
74.595	23.734
74.6	20.094
74.605	16.676
74.61	13.538
74.615	10.38
74.62	7.174
74.625	4.101
74.63	0.914
74.635	-1.942
74.64	-4.395
74.645	-7.042
74.65	-9.379
74.655	-11.511
74.66	-14.06
74.665	-16.898
74.67	-19.72
74.675	-22.263
74.68	-24.876
74.685	-26.935
74.69	-28.434
74.695	-29.936
74.7	-30.916
74.705	-31.57
74.71	-31.949
74.715	-31.815
74.72	-31.283
74.725	-30.457
74.73	-29.247
74.735	-27.864
74.74	-25.653
74.745	-22.992
74.75	-20.158
74.755	-16.404
74.76	-13.031
74.765	-10.095
74.77	-7.641
74.775	-6.062
74.78	-5.057
74.785	-4.262
74.79	-3.28
74.795	-2.127
74.8	-0.514
74.805	1.174
74.81	2.562
74.815	3.308
74.82	2.969
74.825	1.18
74.83	-2.084
74.835	-6.423
74.84	-11.5
74.845	-16.769
74.85	-21.948
74.855	-26.871
74.86	-31.16
74.865	-35.267
74.87	-39.313
74.875	-43.058
74.88	-46.709
74.885	-49.565
74.89	-51.758
74.895	-53.136
74.9	-53.146
74.905	-52.148
74.91	-50.125
74.915	-47.132
74.92	-43.623
74.925	-39.903
74.93	-35.896
74.935	-32.246
74.94	-28.96
74.945	-26.107
74.95	-23.937
74.955	-21.963
74.96	-20.619
74.965	-19.586
74.97	-18.119
74.975	-16.146
74.98	-13.58
74.985	-10.611
74.99	-7.276
74.995	-3.96
75	-1.242
75.005	1.189
75.01	3.224
75.015	5.027
75.02	6.833
75.025	8.582
75.03	10.168
75.035	11.145
75.04	12.372
75.045	13.845
75.05	15.246
75.055	16.723
75.06	17.669
75.065	17.686
75.07	16.547
75.075	14.253
75.08	10.746
75.085	6.533
75.09	1.84
75.095	-3.079
75.1	-7.716
75.105	-12.235
75.11	-16.234
75.115	-19.391
75.12	-22.046
75.125	-23.875
75.13	-24.365
75.135	-24.117
75.14	-23.192
75.145	-21.63
75.15	-20.246
75.155	-19.039
75.16	-18.007
75.165	-17.024
75.17	-15.912
75.175	-14.599
75.18	-12.896
75.185	-10.818
75.19	-8.36
75.195	-5.818
75.2	-3.468
75.205	-1.344
75.21	0.831
75.215	2.952
75.22	5.348
75.225	8.045
75.23	10.213
75.235	12.542
75.24	14.844
75.245	16.865
75.25	19.376
75.255	22.334
75.26	25.658
75.265	29.222
75.27	33.198
75.275	37.411
75.28	41.72
75.285	45.936
75.29	49.642
75.295	52.869
75.3	55.243
75.305	57.008
75.31	58.299
75.315	58.898
75.32	59.181
75.325	58.857
75.33	57.533
75.335	55.097
75.34	51.473
75.345	46.745
75.35	41.253
75.355	35.696
75.36	30.361
75.365	25.473
75.37	21.272
75.375	17.804
75.38	15.002
75.385	12.706
75.39	10.736
75.395	8.824
75.4	7.33
75.405	6.507
75.41	6.17
75.415	6.327
75.42	6.696
75.425	6.625
75.43	6.109
75.435	5.359
75.44	4.289
75.445	3.267
75.45	2.365
75.455	1.732
75.46	1.48
75.465	1.086
75.47	0.258
75.475	-0.642
75.48	-1.183
75.485	-1.611
75.49	-1.708
75.495	-1.005
75.5	0.592
75.505	3.435
75.51	7.193
75.515	11.606
75.52	16.294
75.525	20.593
75.53	24.792
75.535	28.483
75.54	31.9
75.545	35.288
75.55	38.066
75.555	40.437
75.56	42.465
75.565	44.267
75.57	45.493
75.575	46.544
75.58	47.547
75.585	48.005
75.59	48.602
75.595	49.179
75.6	49.245
75.605	48.614
75.61	47.387
75.615	45.474
75.62	42.93
75.625	40.016
75.63	36.704
75.635	33.609
75.64	30.428
75.645	26.882
75.65	23.115
75.655	18.996
75.66	14.407
75.665	9.406
75.67	4.635
75.675	-0.133
75.68	-4.682
75.685	-8.157
75.69	-10.475
75.695	-11.738
75.7	-11.844
75.705	-10.846
75.71	-9.326
75.715	-7.727
75.72	-6.1
75.725	-4.494
75.73	-3.009
75.735	-1.769
75.74	-0.586
75.745	0.596
75.75	1.351
75.755	2.125
75.76	2.738
75.765	2.782
75.77	2.714
75.775	2.343
75.78	1.905
75.785	1.578
75.79	0.99
75.795	0.02
75.8	-1.21
75.805	-2.736
75.81	-4.488
75.815	-6.262
75.82	-7.724
75.825	-8.488
75.83	-8.669
75.835	-8.314
75.84	-7.387
75.845	-6.234
75.85	-5.437
75.855	-4.649
75.86	-4.184
75.865	-4.473
75.87	-4.926
75.875	-5.572
75.88	-6.358
75.885	-7.634
75.89	-8.935
75.895	-10.289
75.9	-12.09
75.905	-13.4
75.91	-14.949
75.915	-16.72
75.92	-18.086
75.925	-19.657
75.93	-21.105
75.935	-21.836
75.94	-21.928
75.945	-21.385
75.95	-19.952
75.955	-17.81
75.96	-14.892
75.965	-11.023
75.97	-6.906
75.975	-2.813
75.98	1.365
75.985	5.167
75.99	8.523
75.995	11.361
76	13.471
76.005	14.854
76.01	15.419
76.015	15.547
76.02	15.722
76.025	16.186
76.03	16.878
76.035	17.996
76.04	19.461
76.045	20.943
76.05	22.737
76.055	24.549
76.06	26.387
76.065	28.501
76.07	30.774
76.075	33.395
76.08	36.491
76.085	39.874
76.09	43.243
76.095	46.67
76.1	49.989
76.105	53.082
76.11	55.864
76.115	58.048
76.12	59.652
76.125	60.587
76.13	61.037
76.135	61.087
76.14	60.958
76.145	61.303
76.15	61.864
76.155	62.493
76.16	63.395
76.165	63.731
76.17	63.272
76.175	62.282
76.18	60.42
76.185	57.899
76.19	55.062
76.195	52.036
76.2	48.85
76.205	45.683
76.21	42.728
76.215	39.951
76.22	37.382
76.225	34.81
76.23	32.268
76.235	29.71
76.24	26.807
76.245	23.69
76.25	20.376
76.255	17.036
76.26	13.92
76.265	10.649
76.27	7.426
76.275	4.385
76.28	1.446
76.285	-1.081
76.29	-3.218
76.295	-4.781
76.3	-5.866
76.305	-6.427
76.31	-6.582
76.315	-6.709
76.32	-6.786
76.325	-7.016
76.33	-7.255
76.335	-7.585
76.34	-7.998
76.345	-8.417
76.35	-9.091
76.355	-10.068
76.36	-11.544
76.365	-13.549
76.37	-16.012
76.375	-18.833
76.38	-22.04
76.385	-25.611
76.39	-29.317
76.395	-33.192
76.4	-37.287
76.405	-41.396
76.41	-45.487
76.415	-49.607
76.42	-53.463
76.425	-56.99
76.43	-60.05
76.435	-62.797
76.44	-65.102
76.445	-67.006
76.45	-68.797
76.455	-69.636
76.46	-70.227
76.465	-70.266
76.47	-69.106
76.475	-67.895
76.48	-66.263
76.485	-64.47
76.49	-62.802
76.495	-60.982
76.5	-59.04
76.505	-56.843
76.51	-54.6
76.515	-52.285
76.52	-50.133
76.525	-48.26
76.53	-46.828
76.535	-45.951
76.54	-45.664
76.545	-46.007
76.55	-46.623
76.555	-47.405
76.56	-47.978
76.565	-48.571
76.57	-49.047
76.575	-49.041
76.58	-49.011
76.585	-48.446
76.59	-47.441
76.595	-46.076
76.6	-43.991
76.605	-41.461
76.61	-38.617
76.615	-35.466
76.62	-32.149
76.625	-28.967
76.63	-25.511
76.635	-21.867
76.64	-18.118
76.645	-14.275
76.65	-10.846
76.655	-8.017
76.66	-5.987
76.665	-4.473
76.67	-3.734
76.675	-3.59
76.68	-3.439
76.685	-3.472
76.69	-3.575
76.695	-3.466
76.7	-3.248
76.705	-2.974
76.71	-2.39
76.715	-1.832
76.72	-1.083
76.725	-0.128
76.73	0.782
76.735	1.968
76.74	3.081
76.745	3.994
76.75	4.735
76.755	5.485
76.76	6.235
76.765	6.824
76.77	7.34
76.775	7.731
76.78	8.028
76.785	8.202
76.79	8.454
76.795	8.837
76.8	9.527
76.805	10.517
76.81	11.865
76.815	13.83
76.82	16.105
76.825	18.729
76.83	21.726
76.835	24.84
76.84	27.722
76.845	30.513
76.85	32.984
76.855	35.05
76.86	37.187
76.865	38.981
76.87	40.325
76.875	41.349
76.88	42.421
76.885	43.39
76.89	44.029
76.895	44.574
76.9	44.447
76.905	43.268
76.91	41.193
76.915	38.274
76.92	34.659
76.925	30.856
76.93	27.297
76.935	24.138
76.94	21.102
76.945	18.562
76.95	16.52
76.955	14.665
76.96	13.314
76.965	12.029
76.97	11.302
76.975	11.303
76.98	11.553
76.985	12.255
76.99	13.249
76.995	14.28
77	15.114
77.005	15.602
77.01	15.662
77.015	15.5
77.02	15.192
77.025	14.804
77.03	14.454
77.035	13.85
77.04	13.094
77.045	12.48
77.05	11.682
77.055	10.577
77.06	9.564
77.065	8.678
77.07	7.859
77.075	7.292
77.08	7.017
77.085	7.008
77.09	7.315
77.095	7.912
77.1	8.845
77.105	9.534
77.11	9.972
77.115	10.454
77.12	10.423
77.125	10.241
77.13	10.011
77.135	9.606
77.14	9.078
77.145	8.119
77.15	6.821
77.155	5.283
77.16	3.625
77.165	2.246
77.17	1.091
77.175	-0.01
77.18	-0.956
77.185	-1.936
77.19	-2.871
77.195	-3.755
77.2	-4.43
77.205	-4.953
77.21	-5.443
77.215	-5.836
77.22	-6.07
77.225	-6.24
77.23	-6.884
77.235	-7.546
77.24	-8.556
77.245	-9.863
77.25	-10.848
77.255	-11.773
77.26	-12.604
77.265	-13.554
77.27	-14.458
77.275	-15.313
77.28	-16.028
77.285	-16.601
77.29	-17.102
77.295	-17.4
77.3	-17.68
77.305	-18.002
77.31	-18.199
77.315	-18.21
77.32	-18.202
77.325	-18.095
77.33	-18.012
77.335	-18.028
77.34	-18.272
77.345	-18.574
77.35	-18.895
77.355	-18.98
77.36	-18.659
77.365	-17.98
77.37	-16.412
77.375	-14.696
77.38	-12.613
77.385	-10.475
77.39	-8.989
77.395	-7.763
77.4	-7.368
77.405	-7.308
77.41	-7.528
77.415	-7.834
77.42	-8.216
77.425	-9.024
77.43	-9.651
77.435	-10.651
77.44	-11.633
77.445	-12.465
77.45	-13.324
77.455	-13.798
77.46	-14.228
77.465	-14.673
77.47	-15.377
77.475	-16.167
77.48	-17.096
77.485	-18.232
77.49	-19.246
77.495	-19.878
77.5	-20.289
77.505	-20.939
77.51	-21.205
77.515	-21.488
77.52	-22.395
77.525	-23.622
77.53	-25.403
77.535	-27.665
77.54	-29.976
77.545	-32.16
77.55	-34.199
77.555	-35.878
77.56	-37.083
77.565	-37.964
77.57	-38.46
77.575	-38.468
77.58	-38.233
77.585	-38.01
77.59	-37.773
77.595	-37.546
77.6	-37.48
77.605	-37.367
77.61	-37.369
77.615	-37.649
77.62	-37.837
77.625	-38.25
77.63	-38.96
77.635	-39.747
77.64	-40.535
77.645	-41.189
77.65	-41.745
77.655	-41.91
77.66	-41.906
77.665	-41.928
77.67	-41.855
77.675	-41.958
77.68	-41.888
77.685	-41.833
77.69	-41.973
77.695	-41.694
77.7	-40.945
77.705	-39.864
77.71	-38.089
77.715	-35.52
77.72	-32.722
77.725	-29.733
77.73	-26.617
77.735	-23.55
77.74	-20.668
77.745	-17.887
77.75	-15.535
77.755	-13.625
77.76	-11.614
77.765	-10.368
77.77	-9.5
77.775	-8.561
77.78	-7.936
77.785	-7.442
77.79	-6.942
77.795	-6.544
77.8	-6.478
77.805	-6.183
77.81	-5.651
77.815	-5.044
77.82	-4.415
77.825	-3.613
77.83	-2.249
77.835	-0.536
77.84	1.497
77.845	3.675
77.85	5.604
77.855	7.236
77.86	8.659
77.865	9.873
77.87	11.082
77.875	12.231
77.88	13.73
77.885	15.674
77.89	17.68
77.895	20.105
77.9	22.659
77.905	25.098
77.91	27.481
77.915	29.845
77.92	32.081
77.925	34.111
77.93	35.923
77.935	37.334
77.94	38.295
77.945	38.623
77.95	38.46
77.955	38.075
77.96	37.571
77.965	37.035
77.97	36.32
77.975	35.103
77.98	33.169
77.985	30.349
77.99	26.787
77.995	22.38
78	17.834
78.005	13.417
78.01	8.746
78.015	4.826
78.02	1.381
78.025	-1.56
78.03	-3.605
78.035	-5.06
78.04	-5.904
78.045	-6.128
78.05	-5.629
78.055	-4.696
78.06	-3.492
78.065	-2.263
78.07	-0.999
78.075	0.416
78.08	1.902
78.085	3.142
78.09	3.777
78.095	4.24
78.1	4.419
78.105	3.852
78.11	2.94
78.115	1.876
78.12	0.932
78.125	0.044
78.13	-0.836
78.135	-1.509
78.14	-2.118
78.145	-1.997
78.15	-1.76
78.155	-1.621
78.16	-1.175
78.165	-0.73
78.17	-0.148
78.175	0.478
78.18	1.159
78.185	1.936
78.19	2.994
78.195	3.597
78.2	3.733
78.205	3.403
78.21	2.448
78.215	1.481
78.22	0.076
78.225	-1.598
78.23	-3.642
78.235	-6.009
78.24	-8.652
78.245	-11.591
78.25	-14.573
78.255	-17.533
78.26	-19.828
78.265	-21.859
78.27	-23.231
78.275	-23.681
78.28	-23.823
78.285	-23.409
78.29	-22.699
78.295	-21.989
78.3	-21.411
78.305	-20.807
78.31	-20.206
78.315	-19.428
78.32	-18.34
78.325	-17.39
78.33	-16.259
78.335	-14.894
78.34	-13.33
78.345	-11.372
78.35	-9.088
78.355	-6.333
78.36	-3.275
78.365	0.241
78.37	4.149
78.375	8.133
78.38	12.461
78.385	16.478
78.39	20.237
78.395	23.72
78.4	26.713
78.405	29.477
78.41	31.562
78.415	33.041
78.42	33.856
78.425	33.932
78.43	33.47
78.435	32.953
78.44	32.136
78.445	31.009
78.45	29.843
78.455	28.522
78.46	27.429
78.465	26.611
78.47	26.194
78.475	26.091
78.48	26.601
78.485	27.41
78.49	28.284
78.495	28.884
78.5	29.005
78.505	29.07
78.51	28.495
78.515	27.408
78.52	25.6
78.525	23.326
78.53	20.484
78.535	16.933
78.54	13.28
78.545	9.293
78.55	5.385
78.555	1.827
78.56	-1.323
78.565	-4.38
78.57	-6.966
78.575	-8.853
78.58	-10.618
78.585	-11.834
78.59	-12.427
78.595	-12.665
78.6	-12.561
78.605	-12.264
78.61	-12.08
78.615	-11.79
78.62	-11.732
78.625	-11.895
78.63	-12.106
78.635	-12.562
78.64	-12.761
78.645	-12.945
78.65	-13.081
78.655	-13.182
78.66	-13.008
78.665	-12.77
78.67	-12.435
78.675	-11.256
78.68	-9.602
78.685	-7.074
78.69	-4.157
78.695	-1.344
78.7	1.282
78.705	3.465
78.71	5.36
78.715	6.477
78.72	7.113
78.725	7.467
78.73	7.813
78.735	8.262
78.74	8.389
78.745	8.691
78.75	9.13
78.755	9.469
78.76	9.401
78.765	9.077
78.77	9.006
78.775	8.249
78.78	7.103
78.785	6.067
78.79	4.541
78.795	2.824
78.8	1.443
78.805	0.371
78.81	-0.682
78.815	-1.347
78.82	-1.996
78.825	-2.945
78.83	-3.607
78.835	-4.317
78.84	-5.121
78.845	-5.587
78.85	-5.815
78.855	-5.987
78.86	-5.914
78.865	-5.384
78.87	-4.352
78.875	-2.7
78.88	-0.596
78.885	1.881
78.89	4.497
78.895	7.039
78.9	9.427
78.905	11.332
78.91	12.666
78.915	13.498
78.92	14.29
78.925	14.678
78.93	14.977
78.935	15.826
78.94	16.883
78.945	18.221
78.95	19.736
78.955	21.593
78.96	23.496
78.965	25.683
78.97	28.141
78.975	30.551
78.98	33.282
78.985	35.857
78.99	38.081
78.995	40.15
79	42.129
79.005	44.058
79.01	45.834
79.015	47.371
79.02	49.134
79.025	50.75
79.03	51.747
79.035	52.143
79.04	51.782
79.045	50.804
79.05	48.983
79.055	46.944
79.06	44.804
79.065	42.36
79.07	40.386
79.075	38.842
79.08	37.066
79.085	34.718
79.09	31.991
79.095	28.452
79.1	24.236
79.105	19.834
79.11	14.69
79.115	9.515
79.12	5.28
79.125	1.96
79.13	-0.54
79.135	-2.127
79.14	-2.811
79.145	-2.585
79.15	-1.641
79.155	-0.449
79.16	1.024
79.165	3.215
79.17	6.269
79.175	8.882
79.18	11.08
79.185	13.135
79.19	14.374
79.195	15.217
79.2	15.875
79.205	16.244
79.21	16.2
79.215	16.113
79.22	15.393
79.225	14.567
79.23	13.86
79.235	12.784
79.24	11.939
79.245	10.48
79.25	8.947
79.255	7.33
79.26	5.749
79.265	4.566
79.27	3.104
79.275	1.691
79.28	-0.05
79.285	-2.098
79.29	-4.416
79.295	-7.019
79.3	-9.352
79.305	-11.355
79.31	-13.242
79.315	-14.778
79.32	-16.202
79.325	-17.698
79.33	-18.991
79.335	-20.597
79.34	-22.444
79.345	-24.013
79.35	-25.22
79.355	-26.175
79.36	-26.969
79.365	-27.502
79.37	-28.002
79.375	-28.903
79.38	-30.026
79.385	-31.525
79.39	-33.904
79.395	-36.591
79.4	-39.055
79.405	-41.873
79.41	-44.715
79.415	-47.155
79.42	-49.473
79.425	-51.184
79.43	-52.606
79.435	-53.481
79.44	-53.411
79.445	-52.771
79.45	-51.626
79.455	-50.226
79.46	-48.45
79.465	-46.673
79.47	-45.015
79.475	-43.251
79.48	-41.331
79.485	-39.45
79.49	-37.57
79.495	-35.576
79.5	-33.955
79.505	-31.989
79.51	-29.723
79.515	-27.59
79.52	-24.881
79.525	-21.876
79.53	-18.885
79.535	-15.711
79.54	-12.381
79.545	-9.017
79.55	-5.475
79.555	-1.724
79.56	1.882
79.565	5.466
79.57	9.001
79.575	11.922
79.58	14.406
79.585	16.766
79.59	18.542
79.595	19.909
79.6	21.107
79.605	21.854
79.61	22.599
79.615	23.55
79.62	24.066
79.625	24.302
79.63	24.467
79.635	23.961
79.64	23.091
79.645	21.938
79.65	20.189
79.655	17.941
79.66	15.081
79.665	11.642
79.67	7.866
79.675	4.332
79.68	1.191
79.685	-1.573
79.69	-3.511
79.695	-4.453
79.7	-4.778
79.705	-4.204
79.71	-3.091
79.715	-2.059
79.72	-0.837
79.725	0.035
79.73	0.819
79.735	1.527
79.74	2.194
79.745	2.918
79.75	3.866
79.755	5.457
79.76	7.206
79.765	9.661
79.77	12.056
79.775	14.396
79.78	16.851
79.785	18.516
79.79	20.306
79.795	21.699
79.8	22.547
79.805	23.12
79.81	23.154
79.815	23.076
79.82	22.78
79.825	22.555
79.83	22.445
79.835	22.386
79.84	22.306
79.845	21.897
79.85	21.192
79.855	20.037
79.86	18.35
79.865	16.131
79.87	13.438
79.875	10.468
79.88	7.163
79.885	3.733
79.89	0.452
79.895	-2.928
79.9	-6.261
79.905	-9.556
79.91	-12.91
79.915	-16.035
79.92	-18.895
79.925	-21.477
79.93	-23.756
79.935	-25.707
79.94	-27.269
79.945	-28.529
79.95	-29.312
79.955	-29.636
79.96	-29.872
79.965	-30.065
79.97	-30.374
79.975	-30.273
79.98	-30.19
79.985	-30.132
79.99	-29.691
79.995	-29.507
80	-28.889
80.005	-28.193
80.01	-27.294
80.015	-25.976
80.02	-24.547
80.025	-23.284
80.03	-22.269
80.035	-21.018
80.04	-19.719
80.045	-17.989
80.05	-16.275
80.055	-14.27
80.06	-12.133
80.065	-10.08
80.07	-8.003
80.075	-6.204
80.08	-4.293
80.085	-2.691
80.09	-0.913
80.095	1.079
80.1	3.309
80.105	5.703
80.11	8.113
80.115	10.679
80.12	13.225
80.125	15.806
80.13	18.146
80.135	20.566
80.14	22.832
80.145	24.638
80.15	26.053
80.155	27.115
80.16	27.675
80.165	27.834
80.17	27.851
80.175	27.524
80.18	27.128
80.185	26.621
80.19	26.07
80.195	25.523
80.2	25.032
80.205	24.757
80.21	24.725
80.215	24.969
80.22	25.322
80.225	25.933
80.23	26.691
80.235	27.581
80.24	28.532
80.245	29.399
80.25	29.987
80.255	30.258
80.26	30.379
80.265	30.106
80.27	29.693
80.275	28.866
80.28	27.657
80.285	25.972
80.29	23.882
80.295	21.864
80.3	19.546
80.305	17.666
80.31	16.049
80.315	14.585
80.32	13.695
80.325	13.335
80.33	13.268
80.335	13.294
80.34	13.552
80.345	13.503
80.35	13.508
80.355	13.335
80.36	13.099
80.365	12.603
80.37	11.8
80.375	11.199
80.38	10.169
80.385	9.363
80.39	8.565
80.395	8.025
80.4	7.84
80.405	7.748
80.41	8.137
80.415	8.258
80.42	8.399
80.425	8.563
80.43	8.406
80.435	8.123
80.44	7.708
80.445	7.109
80.45	6.361
80.455	5.489
80.46	4.347
80.465	3.012
80.47	1.328
80.475	-0.841
80.48	-3.141
80.485	-5.531
80.49	-8.328
80.495	-11.215
80.5	-14.117
80.505	-17.155
80.51	-20.029
80.515	-22.644
80.52	-24.961
80.525	-26.96
80.53	-28.477
80.535	-29.742
80.54	-30.85
80.545	-31.705
80.55	-32.549
80.555	-33.336
80.56	-34.02
80.565	-34.639
80.57	-35.34
80.575	-36.05
80.58	-36.557
80.585	-37.221
80.59	-37.967
80.595	-38.659
80.6	-39.717
80.605	-40.503
80.61	-41.18
80.615	-41.834
80.62	-42.332
80.625	-43.031
80.63	-43.489
80.635	-44.221
80.64	-44.842
80.645	-45.468
80.65	-46.016
80.655	-46.21
80.66	-46.554
80.665	-46.328
80.67	-46.022
80.675	-45.469
80.68	-44.531
80.685	-43.473
80.69	-42.136
80.695	-40.638
80.7	-38.804
80.705	-36.97
80.71	-34.956
80.715	-32.705
80.72	-30.632
80.725	-28.601
80.73	-26.484
80.735	-24.763
80.74	-23.139
80.745	-21.55
80.75	-20.515
80.755	-19.533
80.76	-18.675
80.765	-18.005
80.77	-17.342
80.775	-16.662
80.78	-15.889
80.785	-15.088
80.79	-14.304
80.795	-13.598
80.8	-12.815
80.805	-12.125
80.81	-11.459
80.815	-10.689
80.82	-9.757
80.825	-8.629
80.83	-7.409
80.835	-6.101
80.84	-4.804
80.845	-3.345
80.85	-1.735
80.855	-0.224
80.86	1.42
80.865	3.419
80.87	5.344
80.875	7.445
80.88	9.579
80.885	11.596
80.89	13.521
80.895	15.06
80.9	16.553
80.905	17.673
80.91	18.832
80.915	19.779
80.92	20.395
80.925	21.101
80.93	21.622
80.935	22.135
80.94	22.442
80.945	22.838
80.95	23.008
80.955	23.04
80.96	23.14
80.965	23.042
80.97	23.041
80.975	23.151
80.98	23.351
80.985	23.607
80.99	24.136
80.995	24.49
81	24.835
81.005	25.343
81.01	25.577
81.015	25.738
81.02	25.884
81.025	26.095
81.03	26.174
81.035	26.347
81.04	26.705
81.045	27.1
81.05	27.686
81.055	28.319
81.06	29.008
81.065	29.636
81.07	30.168
81.075	30.669
81.08	30.987
81.085	31.106
81.09	31.108
81.095	31
81.1	30.733
81.105	30.398
81.11	30.164
81.115	29.948
81.12	29.832
81.125	29.599
81.13	29.17
81.135	28.858
81.14	28.305
81.145	27.575
81.15	26.8
81.155	25.904
81.16	24.908
81.165	23.675
81.17	22.298
81.175	20.898
81.18	19.448
81.185	17.83
81.19	16.312
81.195	15.051
81.2	13.826
81.205	12.872
81.21	12.316
81.215	11.997
81.22	12.171
81.225	12.707
81.23	13.478
81.235	14.397
81.24	15.525
81.245	16.905
81.25	18.112
81.255	19.572
81.26	21.045
81.265	22.41
81.27	23.991
81.275	25.498
81.28	26.988
81.285	28.355
81.29	29.325
81.295	29.721
81.3	29.678
81.305	28.955
81.31	27.574
81.315	25.932
81.32	24.03
81.325	22.073
81.33	20.31
81.335	18.686
81.34	17.221
81.345	16.038
81.35	14.859
81.355	13.709
81.36	12.608
81.365	11.407
81.37	9.871
81.375	8.223
81.38	6.517
81.385	4.38
81.39	2.239
81.395	-0.01
81.4	-2.27
81.405	-4.44
81.41	-6.625
81.415	-8.623
81.42	-10.574
81.425	-12.406
81.43	-14.173
81.435	-15.886
81.44	-17.607
81.445	-19.288
81.45	-20.847
81.455	-22.226
81.46	-23.24
81.465	-23.89
81.47	-24.088
81.475	-23.786
81.48	-22.812
81.485	-21.437
81.49	-19.724
81.495	-17.742
81.5	-15.591
81.505	-13.284
81.51	-11.31
81.515	-9.301
81.52	-7.7
81.525	-6.512
81.53	-5.353
81.535	-4.824
81.54	-4.579
81.545	-4.564
81.55	-4.806
81.555	-5.248
81.56	-5.681
81.565	-6.048
81.57	-6.449
81.575	-6.676
81.58	-6.944
81.585	-6.996
81.59	-6.873
81.595	-6.446
81.6	-5.646
81.605	-4.631
81.61	-3.072
81.615	-1.389
81.62	0.534
81.625	2.507
81.63	4.316
81.635	6.175
81.64	7.754
81.645	9.168
81.65	10.233
81.655	10.897
81.66	11.076
81.665	10.814
81.67	10.211
81.675	9.225
81.68	7.961
81.685	6.318
81.69	4.34
81.695	2.2
81.7	0.148
81.705	-2.129
81.71	-4.072
81.715	-5.779
81.72	-7.393
81.725	-8.222
81.73	-8.827
81.735	-8.985
81.74	-8.683
81.745	-8.235
81.75	-7.694
81.755	-7.025
81.76	-6.356
81.765	-5.739
81.77	-5.017
81.775	-4.663
81.78	-4.686
81.785	-4.94
81.79	-5.313
81.795	-5.808
81.8	-6.002
81.805	-5.907
81.81	-5.626
81.815	-5.145
81.82	-4.654
81.825	-3.99
81.83	-3.432
81.835	-2.638
81.84	-1.833
81.845	-0.996
81.85	-0.097
81.855	0.648
81.86	1.407
81.865	1.798
81.87	2.146
81.875	2.203
81.88	2.108
81.885	2.104
81.89	2.141
81.895	2.569
81.9	3.155
81.905	3.836
81.91	4.497
81.915	5.223
81.92	5.49
81.925	5.385
81.93	5.142
81.935	4.311
81.94	3.443
81.945	2.5
81.95	1.391
81.955	0.442
81.96	-0.228
81.965	-0.84
81.97	-1.25
81.975	-1.509
81.98	-2.043
81.985	-2.723
81.99	-3.658
81.995	-4.924
82	-6.396
82.005	-7.707
82.01	-9.104
82.015	-10.237
82.02	-10.899
82.025	-11.322
82.03	-11.272
82.035	-10.993
82.04	-10.378
82.045	-9.833
82.05	-9.385
82.055	-9.118
82.06	-8.953
82.065	-8.696
82.07	-8.432
82.075	-7.854
82.08	-7.24
82.085	-6.432
82.09	-5.678
82.095	-4.983
82.1	-4.442
82.105	-4.315
82.11	-4.286
82.115	-4.311
82.12	-4.36
82.125	-4.523
82.13	-4.535
82.135	-4.868
82.14	-5.312
82.145	-5.696
82.15	-6.447
82.155	-7.316
82.16	-8.462
82.165	-9.687
82.17	-11.023
82.175	-12.335
82.18	-13.788
82.185	-15.237
82.19	-16.543
82.195	-17.899
82.2	-18.881
82.205	-19.602
82.21	-19.943
82.215	-20.036
82.22	-19.642
82.225	-19.104
82.23	-18.421
82.235	-17.31
82.24	-16.504
82.245	-15.796
82.25	-15.367
82.255	-15.094
82.26	-15.015
82.265	-14.928
82.27	-14.597
82.275	-14.212
82.28	-13.539
82.285	-13.054
82.29	-12.672
82.295	-12.279
82.3	-12.028
82.305	-11.81
82.31	-11.336
82.315	-10.737
82.32	-10.12
82.325	-9.231
82.33	-7.894
82.335	-6.028
82.34	-3.93
82.345	-1.452
82.35	1.075
82.355	3.631
82.36	6.077
82.365	8.215
82.37	10.165
82.375	11.536
82.38	12.485
82.385	12.945
82.39	13.241
82.395	13.373
82.4	13.392
82.405	13.442
82.41	13.442
82.415	13.569
82.42	13.608
82.425	13.841
82.43	14.298
82.435	14.929
82.44	15.477
82.445	15.941
82.45	16.024
82.455	15.669
82.46	15.218
82.465	14.321
82.47	13.412
82.475	12.392
82.48	11.134
82.485	9.623
82.49	8.029
82.495	6.46
82.5	4.889
82.505	3.634
82.51	2.592
82.515	1.954
82.52	1.551
82.525	1.222
82.53	0.89
82.535	0.512
82.54	0.163
82.545	-0.042
82.55	-0.359
82.555	-0.761
82.56	-1.09
82.565	-1.637
82.57	-2.047
82.575	-2.259
82.58	-1.975
82.585	-1.568
82.59	-1.157
82.595	-0.581
82.6	-0.273
82.605	-0.084
82.61	-0.247
82.615	-0.529
82.62	-0.889
82.625	-1.1
82.63	-1.2
82.635	-1.262
82.64	-0.961
82.645	-0.701
82.65	-0.388
82.655	-0.152
82.66	0.018
82.665	0.248
82.67	0.576
82.675	0.805
82.68	0.789
82.685	0.808
82.69	0.588
82.695	-0.028
82.7	-0.761
82.705	-1.561
82.71	-2.469
82.715	-3.234
82.72	-3.85
82.725	-4.084
82.73	-4.256
82.735	-4.557
82.74	-4.855
82.745	-5.482
82.75	-6.463
82.755	-7.838
82.76	-9.478
82.765	-11.322
82.77	-13.274
82.775	-15.362
82.78	-17.509
82.785	-19.56
82.79	-21.438
82.795	-23.025
82.8	-24.185
82.805	-25.084
82.81	-25.602
82.815	-25.571
82.82	-25.455
82.825	-24.993
82.83	-24.34
82.835	-23.539
82.84	-22.577
82.845	-21.612
82.85	-20.626
82.855	-19.771
82.86	-18.964
82.865	-18.446
82.87	-18.138
82.875	-18.028
82.88	-18.133
82.885	-18.316
82.89	-18.572
82.895	-18.864
82.9	-19.232
82.905	-19.674
82.91	-20.069
82.915	-20.567
82.92	-20.961
82.925	-21.243
82.93	-21.658
82.935	-21.601
82.94	-21.33
82.945	-20.869
82.95	-19.984
82.955	-18.733
82.96	-16.988
82.965	-14.957
82.97	-12.614
82.975	-10.131
82.98	-7.73
82.985	-5.436
82.99	-3.376
82.995	-1.455
83	0.277
83.005	1.579
83.01	2.889
83.015	4.03
83.02	5.006
83.025	6.047
83.03	6.851
83.035	7.541
83.04	8.023
83.045	8.463
83.05	8.821
83.055	9.163
83.06	9.37
83.065	9.361
83.07	9.456
83.075	9.495
83.08	9.845
83.085	10.412
83.09	11.202
83.095	12.262
83.1	13.284
83.105	14.461
83.11	15.464
83.115	16.376
83.12	17.353
83.125	18.198
83.13	19.026
83.135	19.711
83.14	20.196
83.145	20.538
83.15	20.582
83.155	20.197
83.16	19.46
83.165	18.47
83.17	16.981
83.175	15.228
83.18	13.425
83.185	11.394
83.19	9.666
83.195	8.105
83.2	6.729
83.205	5.797
83.21	5.005
83.215	4.502
83.22	4.459
83.225	4.845
83.23	5.454
83.235	6.399
83.24	7.745
83.245	9.149
83.25	10.763
83.255	12.641
83.26	14.24
83.265	15.764
83.27	17.031
83.275	17.756
83.28	18.188
83.285	18.179
83.29	17.815
83.295	17.1
83.3	16.241
83.305	15.107
83.31	13.888
83.315	12.761
83.32	11.566
83.325	10.546
83.33	9.512
83.335	8.772
83.34	8.112
83.345	7.383
83.35	6.855
83.355	6.21
83.36	5.576
83.365	4.963
83.37	4.283
83.375	3.565
83.38	2.83
83.385	2.031
83.39	1.217
83.395	0.457
83.4	-0.291
83.405	-1.09
83.41	-2.038
83.415	-3.105
83.42	-4.361
83.425	-5.65
83.43	-6.787
83.435	-7.831
83.44	-8.73
83.445	-9.289
83.45	-9.504
83.455	-9.417
83.46	-9.033
83.465	-8.491
83.47	-7.875
83.475	-7.079
83.48	-6.123
83.485	-5.034
83.49	-3.767
83.495	-2.503
83.5	-1.254
83.505	-0.129
83.51	1.062
83.515	2.313
83.52	3.44
83.525	4.738
83.53	6.07
83.535	7.516
83.54	9.068
83.545	10.439
83.55	11.666
83.555	12.701
83.56	13.643
83.565	14.545
83.57	15.447
83.575	16.272
83.58	16.914
83.585	17.348
83.59	17.468
83.595	17.356
83.6	16.899
83.605	16.18
83.61	15.278
83.615	14.146
83.62	12.686
83.625	11.096
83.63	9.62
83.635	8.211
83.64	7.093
83.645	6.232
83.65	5.701
83.655	5.401
83.66	5.461
83.665	5.649
83.67	5.902
83.675	6.397
83.68	6.716
83.685	7.186
83.69	7.646
83.695	7.94
83.7	7.832
83.705	7.345
83.71	6.657
83.715	5.58
83.72	4.243
83.725	2.56
83.73	0.722
83.735	-1.224
83.74	-3.036
83.745	-4.778
83.75	-6.265
83.755	-7.256
83.76	-7.883
83.765	-7.986
83.77	-7.661
83.775	-6.961
83.78	-6.117
83.785	-4.838
83.79	-3.445
83.795	-2.002
83.8	-0.315
83.805	1.234
83.81	2.809
83.815	4.199
83.82	5.43
83.825	6.32
83.83	6.929
83.835	7.182
83.84	7.018
83.845	6.674
83.85	5.904
83.855	5.09
83.86	4.105
83.865	3.173
83.87	2.57
83.875	2.23
83.88	2.364
83.885	2.932
83.89	3.888
83.895	4.763
83.9	5.692
83.905	6.396
83.91	6.557
83.915	6.279
83.92	5.274
83.925	3.68
83.93	1.692
83.935	-0.302
83.94	-2.163
83.945	-3.751
83.95	-5.08
83.955	-6.011
83.96	-6.63
83.965	-7.25
83.97	-7.539
83.975	-7.714
83.98	-7.65
83.985	-7.294
83.99	-6.744
83.995	-6.005
84	-5.132
84.005	-4.223
84.01	-3.285
84.015	-2.232
84.02	-1.443
84.025	-0.762
84.03	-0.274
84.035	-0.032
84.04	-0.145
84.045	-0.636
84.05	-1.236
84.055	-1.986
84.06	-2.773
84.065	-3.381
84.07	-3.564
84.075	-3.454
84.08	-2.87
84.085	-1.867
84.09	-0.53
84.095	1.205
84.1	2.96
84.105	4.656
84.11	6.24
84.115	7.436
84.12	8.275
84.125	8.771
84.13	8.731
84.135	8.294
84.14	7.576
84.145	6.738
84.15	5.863
84.155	5.14
84.16	4.528
84.165	4.125
84.17	4.155
84.175	4.515
84.18	5.332
84.185	6.277
84.19	7.226
84.195	8.188
84.2	9.233
84.205	10.154
84.21	10.862
84.215	11.67
84.22	12.252
84.225	12.833
84.23	13.415
84.235	13.663
84.24	13.603
84.245	13.285
84.25	12.639
84.255	11.575
84.26	10.274
84.265	8.739
84.27	7.179
84.275	5.66
84.28	4.274
84.285	3.217
84.29	2.418
84.295	2.076
84.3	2.133
84.305	2.425
84.31	3.016
84.315	3.672
84.32	4.297
84.325	4.94
84.33	5.407
84.335	5.593
84.34	5.291
84.345	4.499
84.35	3.283
84.355	1.72
84.36	-0.009
84.365	-1.738
84.37	-3.232
84.375	-4.572
84.38	-5.713
84.385	-6.832
84.39	-7.892
84.395	-8.81
84.4	-9.667
84.405	-10.191
84.41	-10.419
84.415	-10.218
84.42	-9.778
84.425	-9.219
84.43	-8.478
84.435	-7.898
84.44	-7.307
84.445	-6.685
84.45	-6.207
84.455	-5.815
84.46	-5.603
84.465	-5.733
84.47	-6.114
84.475	-6.637
84.48	-7.416
84.485	-8.29
84.49	-9.072
84.495	-9.746
84.5	-10.123
84.505	-10.09
84.51	-9.742
84.515	-9.124
84.52	-8.342
84.525	-7.659
84.53	-7.086
84.535	-6.36
84.54	-5.498
84.545	-4.511
84.55	-3.298
84.555	-1.99
84.56	-0.533
84.565	0.766
84.57	1.617
84.575	2.166
84.58	2.324
84.585	2.163
84.59	1.698
84.595	0.95
84.6	0.103
84.605	-0.764
84.61	-1.446
84.615	-1.82
84.62	-1.997
84.625	-2.045
84.63	-1.876
84.635	-1.454
84.64	-0.98
84.645	-0.522
84.65	-0.101
84.655	0.173
84.66	0.335
84.665	0.359
84.67	0.338
84.675	0.207
84.68	-0.11
84.685	-0.487
84.69	-1.068
84.695	-1.929
84.7	-2.991
84.705	-4.211
84.71	-5.535
84.715	-6.809
84.72	-8.093
84.725	-9.308
84.73	-10.312
84.735	-11.201
84.74	-12.047
84.745	-12.917
84.75	-13.596
84.755	-14.151
84.76	-14.663
84.765	-14.866
84.77	-14.672
84.775	-14.104
84.78	-13.078
84.785	-11.689
84.79	-10.258
84.795	-8.924
84.8	-7.858
84.805	-7.088
84.81	-6.519
84.815	-6.07
84.82	-5.689
84.825	-5.424
84.83	-5.278
84.835	-5.268
84.84	-5.355
84.845	-5.473
84.85	-5.529
84.855	-5.628
84.86	-5.914
84.865	-6.291
84.87	-6.614
84.875	-6.864
84.88	-7.032
84.885	-7.009
84.89	-6.821
84.895	-6.522
84.9	-6.062
84.905	-5.481
84.91	-4.794
84.915	-3.878
84.92	-2.922
84.925	-2.028
84.93	-1.127
84.935	-0.454
84.94	-0.082
84.945	0.197
84.95	0.447
84.955	0.69
84.96	0.971
84.965	1.224
84.97	1.43
84.975	1.534
84.98	1.618
84.985	1.704
84.99	1.787
84.995	1.956
85	2.265
85.005	2.744
85.01	3.277
85.015	3.974
85.02	4.813
85.025	5.669
85.03	6.577
85.035	7.495
85.04	8.233
85.045	8.698
85.05	8.954
85.055	8.885
85.06	8.486
85.065	7.879
85.07	7.217
85.075	6.653
85.08	6.371
85.085	6.447
85.09	6.839
85.095	7.619
85.1	8.747
85.105	9.967
85.11	11.08
85.115	12.165
85.12	13.11
85.125	13.693
85.13	14.077
85.135	14.294
85.14	14.239
85.145	14.104
85.15	13.913
85.155	13.722
85.16	13.547
85.165	13.233
85.17	12.857
85.175	12.385
85.18	11.825
85.185	11.23
85.19	10.581
85.195	9.949
85.2	9.336
85.205	8.699
85.21	8.25
85.215	7.991
85.22	7.835
85.225	7.811
85.23	7.796
85.235	7.869
85.24	8.056
85.245	8.316
85.25	8.575
85.255	8.802
85.26	8.845
85.265	8.667
85.27	8.365
85.275	7.812
85.28	7.091
85.285	6.266
85.29	5.319
85.295	4.289
85.3	3.402
85.305	2.622
85.31	1.89
85.315	1.397
85.32	0.984
85.325	0.456
85.33	-0.122
85.335	-0.682
85.34	-1.4
85.345	-2.277
85.35	-3.222
85.355	-4.379
85.36	-5.714
85.365	-6.957
85.37	-8.263
85.375	-9.659
85.38	-10.812
85.385	-11.877
85.39	-12.834
85.395	-13.559
85.4	-14.196
85.405	-14.671
85.41	-14.849
85.415	-14.723
85.42	-14.284
85.425	-13.522
85.43	-12.483
85.435	-11.224
85.44	-9.935
85.445	-8.724
85.45	-7.636
85.455	-6.817
85.46	-6.164
85.465	-5.582
85.47	-5.068
85.475	-4.639
85.48	-4.34
85.485	-4.1
85.49	-3.894
85.495	-3.759
85.5	-3.744
85.505	-3.814
85.51	-3.97
85.515	-4.064
85.52	-4.039
85.525	-3.988
85.53	-3.819
85.535	-3.56
85.54	-3.112
85.545	-2.59
85.55	-2.083
85.555	-1.511
85.56	-1.027
85.565	-0.665
85.57	-0.434
85.575	-0.286
85.58	-0.243
85.585	-0.342
85.59	-0.578
85.595	-0.893
85.6	-1.351
85.605	-2.014
85.61	-2.752
85.615	-3.672
85.62	-4.626
85.625	-5.469
85.63	-6.374
85.635	-7.317
85.64	-8.139
85.645	-8.968
85.65	-9.818
85.655	-10.523
85.66	-11.243
85.665	-11.965
85.67	-12.636
85.675	-13.248
85.68	-13.671
85.685	-13.849
85.69	-13.74
85.695	-13.298
85.7	-12.568
85.705	-11.624
85.71	-10.557
85.715	-9.463
85.72	-8.333
85.725	-7.286
85.73	-6.269
85.735	-5.24
85.74	-4.469
85.745	-3.923
85.75	-3.556
85.755	-3.466
85.76	-3.56
85.765	-3.815
85.77	-4.268
85.775	-4.827
85.78	-5.455
85.785	-6.109
85.79	-6.766
85.795	-7.379
85.8	-7.887
85.805	-8.377
85.81	-8.822
85.815	-9.282
85.82	-9.802
85.825	-10.263
85.83	-10.727
85.835	-11.294
85.84	-11.954
85.845	-12.738
85.85	-13.622
85.855	-14.432
85.86	-15.062
85.865	-15.502
85.87	-15.788
85.875	-15.998
85.88	-16.122
85.885	-16.082
85.89	-15.795
85.895	-15.186
85.9	-14.259
85.905	-13.11
85.91	-11.861
85.915	-10.58
85.92	-9.25
85.925	-7.9
85.93	-6.565
85.935	-5.101
85.94	-3.555
85.945	-2.013
85.95	-0.366
85.955	1.349
85.96	3.011
85.965	4.515
85.97	5.822
85.975	6.821
85.98	7.485
85.985	7.881
85.99	8.022
85.995	8.012
86	7.932
86.005	7.818
86.01	7.732
86.015	7.626
86.02	7.343
86.025	6.761
86.03	5.82
86.035	4.647
86.04	3.383
86.045	2.188
86.05	1.285
86.055	0.672
86.06	0.27
86.065	0.081
86.07	0.041
86.075	0.127
86.08	0.324
86.085	0.509
86.09	0.718
86.095	0.987
86.1	1.203
86.105	1.334
86.11	1.447
86.115	1.561
86.12	1.638
86.125	1.57
86.13	1.345
86.135	1.076
86.14	0.716
86.145	0.298
86.15	-0.106
86.155	-0.578
86.16	-1.07
86.165	-1.392
86.17	-1.408
86.175	-1.083
86.18	-0.518
86.185	0.165
86.19	0.963
86.195	1.851
86.2	2.724
86.205	3.511
86.21	4.247
86.215	4.893
86.22	5.318
86.225	5.593
86.23	5.845
86.235	6.103
86.24	6.468
86.245	6.953
86.25	7.489
86.255	8.075
86.26	8.632
86.265	9.089
86.27	9.447
86.275	9.714
86.28	9.829
86.285	9.709
86.29	9.438
86.295	9.082
86.3	8.59
86.305	8.081
86.31	7.712
86.315	7.467
86.32	7.32
86.325	7.254
86.33	7.217
86.335	7.223
86.34	7.306
86.345	7.545
86.35	7.993
86.355	8.583
86.36	9.345
86.365	10.263
86.37	11.27
86.375	12.376
86.38	13.541
86.385	14.744
86.39	15.963
86.395	17.049
86.4	17.908
86.405	18.55
86.41	18.843
86.415	18.792
86.42	18.51
86.425	17.941
86.43	17.052
86.435	15.994
86.44	14.857
86.445	13.497
86.45	11.975
86.455	10.461
86.46	8.838
86.465	7.11
86.47	5.418
86.475	3.726
86.48	2.103
86.485	0.678
86.49	-0.585
86.495	-1.653
86.5	-2.511
86.505	-3.206
86.51	-3.734
86.515	-4.214
86.52	-4.807
86.525	-5.5
86.53	-6.235
86.535	-7.004
86.54	-7.758
86.545	-8.397
86.55	-8.841
86.555	-9.109
86.56	-9.164
86.565	-9.091
86.57	-9.049
86.575	-9.011
86.58	-9.03
86.585	-9.102
86.59	-9.161
86.595	-9.296
86.6	-9.497
86.605	-9.627
86.61	-9.701
86.615	-9.706
86.62	-9.543
86.625	-9.243
86.63	-8.947
86.635	-8.769
86.64	-8.7
86.645	-8.811
86.65	-9.06
86.655	-9.327
86.66	-9.612
86.665	-9.938
86.67	-10.371
86.675	-10.793
86.68	-11.19
86.685	-11.565
86.69	-11.869
86.695	-12.174
86.7	-12.534
86.705	-13.012
86.71	-13.508
86.715	-13.942
86.72	-14.287
86.725	-14.433
86.73	-14.367
86.735	-14.118
86.74	-13.642
86.745	-12.959
86.75	-12.189
86.755	-11.412
86.76	-10.64
86.765	-9.879
86.77	-9.146
86.775	-8.42
86.78	-7.68
86.785	-6.897
86.79	-6.051
86.795	-5.193
86.8	-4.329
86.805	-3.4
86.81	-2.485
86.815	-1.604
86.82	-0.725
86.825	0.08
86.83	0.91
86.835	1.819
86.84	2.791
86.845	3.904
86.85	5.064
86.855	6.163
86.86	7.245
86.865	8.273
86.87	9.119
86.875	9.849
86.88	10.419
86.885	10.637
86.89	10.494
86.895	10.033
86.9	9.267
86.905	8.258
86.91	7.275
86.915	6.354
86.92	5.374
86.925	4.486
86.93	3.631
86.935	2.726
86.94	1.868
86.945	0.987
86.95	0.067
86.955	-0.827
86.96	-1.699
86.965	-2.433
86.97	-2.952
86.975	-3.36
86.98	-3.741
86.985	-4.073
86.99	-4.371
86.995	-4.628
87	-4.74
87.005	-4.793
87.01	-4.91
87.015	-5.01
87.02	-5.056
87.025	-5.03
87.03	-4.726
87.035	-4.255
87.04	-3.868
87.045	-3.514
87.05	-3.304
87.055	-3.246
87.06	-3.192
87.065	-3.285
87.07	-3.53
87.075	-3.867
87.08	-4.194
87.085	-4.38
87.09	-4.709
87.095	-5.186
87.1	-5.564
87.105	-5.968
87.11	-6.424
87.115	-6.806
87.12	-7.026
87.125	-7.134
87.13	-7.222
87.135	-7.198
87.14	-7.089
87.145	-6.948
87.15	-6.758
87.155	-6.537
87.16	-6.247
87.165	-5.838
87.17	-5.349
87.175	-4.802
87.18	-4.081
87.185	-3.151
87.19	-2.083
87.195	-0.943
87.2	0.133
87.205	1.029
87.21	1.785
87.215	2.558
87.22	3.367
87.225	4.104
87.23	4.785
87.235	5.442
87.24	6.027
87.245	6.545
87.25	7.034
87.255	7.532
87.26	8.023
87.265	8.396
87.27	8.606
87.275	8.698
87.28	8.676
87.285	8.497
87.29	8.182
87.295	7.754
87.3	7.197
87.305	6.521
87.31	5.679
87.315	4.678
87.32	3.583
87.325	2.388
87.33	1.137
87.335	-0.066
87.34	-1.018
87.345	-1.661
87.35	-2.093
87.355	-2.362
87.36	-2.637
87.365	-3.02
87.37	-3.487
87.375	-3.976
87.38	-4.404
87.385	-4.721
87.39	-4.825
87.395	-4.782
87.4	-4.683
87.405	-4.441
87.41	-4.123
87.415	-3.884
87.42	-3.611
87.425	-3.247
87.43	-2.865
87.435	-2.322
87.44	-1.642
87.445	-1.012
87.45	-0.282
87.455	0.58
87.46	1.472
87.465	2.58
87.47	3.813
87.475	4.975
87.48	6.086
87.485	7.004
87.49	7.72
87.495	8.3
87.5	8.654
87.505	8.832
87.51	8.894
87.515	8.803
87.52	8.741
87.525	8.836
87.53	8.964
87.535	9.055
87.54	9.119
87.545	9.098
87.55	8.845
87.555	8.425
87.56	7.869
87.565	7.107
87.57	6.318
87.575	5.627
87.58	5.002
87.585	4.407
87.59	3.916
87.595	3.533
87.6	3.142
87.605	2.898
87.61	2.795
87.615	2.727
87.62	2.805
87.625	2.975
87.63	3.153
87.635	3.271
87.64	3.323
87.645	3.314
87.65	3.239
87.655	3.218
87.66	3.246
87.665	3.308
87.67	3.391
87.675	3.427
87.68	3.377
87.685	3.111
87.69	2.635
87.695	2.124
87.7	1.628
87.705	1.236
87.71	1.061
87.715	0.898
87.72	0.77
87.725	0.759
87.73	0.573
87.735	0.325
87.74	0.362
87.745	0.733
87.75	1.276
87.755	1.84
87.76	2.465
87.765	3.028
87.77	3.377
87.775	3.696
87.78	4.044
87.785	4.369
87.79	4.784
87.795	5.312
87.8	5.907
87.805	6.603
87.81	7.509
87.815	8.557
87.82	9.558
87.825	10.52
87.83	11.504
87.835	12.363
87.84	13
87.845	13.536
87.85	13.963
87.855	14.362
87.86	14.762
87.865	14.992
87.87	15.193
87.875	15.438
87.88	15.616
87.885	15.796
87.89	16.076
87.895	16.513
87.9	17.123
87.905	17.855
87.91	18.75
87.915	19.689
87.92	20.434
87.925	21.065
87.93	21.604
87.935	21.975
87.94	22.227
87.945	22.322
87.95	22.215
87.955	22.034
87.96	21.836
87.965	21.512
87.97	20.972
87.975	20.224
87.98	19.288
87.985	18.133
87.99	16.884
87.995	15.617
88	14.26
88.005	12.823
88.01	11.3
88.015	9.736
88.02	8.311
88.025	7.064
88.03	5.919
88.035	4.913
88.04	4.087
88.045	3.457
88.05	3.124
88.055	3.079
88.06	3.106
88.065	3.131
88.07	3.165
88.075	3.123
88.08	3.094
88.085	3.164
88.09	3.212
88.095	3.289
88.1	3.521
88.105	3.781
88.11	4.112
88.115	4.577
88.12	4.897
88.125	5.038
88.13	5.082
88.135	4.951
88.14	4.716
88.145	4.462
88.15	4.211
88.155	3.847
88.16	3.362
88.165	2.972
88.17	2.664
88.175	2.46
88.18	2.391
88.185	2.286
88.19	2.209
88.195	2.175
88.2	1.992
88.205	1.853
88.21	1.894
88.215	1.947
88.22	2.039
88.225	2.272
88.23	2.56
88.235	2.827
88.24	3.126
88.245	3.323
88.25	3.287
88.255	3.084
88.26	2.805
88.265	2.473
88.27	2.188
88.275	1.985
88.28	1.737
88.285	1.526
88.29	1.321
88.295	1.041
88.3	0.755
88.305	0.506
88.31	0.357
88.315	0.362
88.32	0.539
88.325	0.848
88.33	1.259
88.335	1.68
88.34	2.006
88.345	2.264
88.35	2.517
88.355	2.731
88.36	2.845
88.365	2.893
88.37	2.836
88.375	2.501
88.38	1.755
88.385	0.645
88.39	-0.64
88.395	-2.042
88.4	-3.589
88.405	-5.137
88.41	-6.58
88.415	-7.985
88.42	-9.308
88.425	-10.489
88.43	-11.535
88.435	-12.364
88.44	-12.839
88.445	-12.914
88.45	-12.641
88.455	-11.999
88.46	-11.135
88.465	-10.247
88.47	-9.337
88.475	-8.554
88.48	-7.978
88.485	-7.642
88.49	-7.752
88.495	-8.251
88.5	-8.888
88.505	-9.49
88.51	-10.015
88.515	-10.465
88.52	-10.77
88.525	-10.948
88.53	-10.958
88.535	-10.789
88.54	-10.535
88.545	-10.17
88.55	-9.682
88.555	-9.074
88.56	-8.373
88.565	-7.661
88.57	-6.879
88.575	-5.928
88.58	-4.829
88.585	-3.626
88.59	-2.412
88.595	-1.259
88.6	-0.151
88.605	0.865
88.61	1.523
88.615	1.661
88.62	1.466
88.625	1.11
88.63	0.675
88.635	0.272
88.64	-0.042
88.645	-0.353
88.65	-0.75
88.655	-1.182
88.66	-1.596
88.665	-1.989
88.67	-2.333
88.675	-2.664
88.68	-2.982
88.685	-3.122
88.69	-3.077
88.695	-3.005
88.7	-2.928
88.705	-2.893
88.71	-2.958
88.715	-2.987
88.72	-2.866
88.725	-2.739
88.73	-2.751
88.735	-2.751
88.74	-2.52
88.745	-1.979
88.75	-1.216
88.755	-0.388
88.76	0.322
88.765	0.757
88.77	1.03
88.775	1.191
88.78	1.206
88.785	1.086
88.79	0.8
88.795	0.566
88.8	0.458
88.805	0.272
88.81	0.075
88.815	-0.021
88.82	-0.015
88.825	0.06
88.83	0.066
88.835	0.047
88.84	-0.056
88.845	-0.396
88.85	-0.854
88.855	-1.389
88.86	-1.909
88.865	-2.23
88.87	-2.39
88.875	-2.513
88.88	-2.667
88.885	-2.827
88.89	-2.933
88.895	-3.047
88.9	-3.182
88.905	-3.355
88.91	-3.814
88.915	-4.657
88.92	-5.771
88.925	-7.034
88.93	-8.222
88.935	-9.283
88.94	-10.261
88.945	-11.048
88.95	-11.707
88.955	-12.343
88.96	-12.907
88.965	-13.338
88.97	-13.553
88.975	-13.761
88.98	-14.075
88.985	-14.169
88.99	-14.068
88.995	-13.855
89	-13.395
89.005	-12.916
89.01	-12.568
89.015	-12.249
89.02	-12.012
89.025	-11.84
89.03	-11.561
89.035	-11.208
89.04	-10.976
89.045	-10.88
89.05	-10.876
89.055	-10.943
89.06	-10.966
89.065	-10.931
89.07	-10.953
89.075	-11.159
89.08	-11.485
89.085	-11.78
89.09	-11.982
89.095	-11.978
89.1	-11.82
89.105	-11.621
89.11	-11.342
89.115	-11.015
89.12	-10.691
89.125	-10.389
89.13	-10.194
89.135	-10.108
89.14	-10.06
89.145	-9.99
89.15	-9.811
89.155	-9.439
89.16	-8.849
89.165	-8.075
89.17	-7.181
89.175	-6.247
89.18	-5.214
89.185	-4.005
89.19	-2.74
89.195	-1.666
89.2	-0.898
89.205	-0.351
89.21	0.038
89.215	0.23
89.22	0.293
89.225	0.359
89.23	0.403
89.235	0.443
89.24	0.446
89.245	0.378
89.25	0.464
89.255	0.756
89.26	1.027
89.265	1.195
89.27	1.262
89.275	1.244
89.28	1.373
89.285	1.769
89.29	2.267
89.295	2.717
89.3	2.974
89.305	2.899
89.31	2.542
89.315	1.976
89.32	1.163
89.325	0.182
89.33	-0.773
89.335	-1.649
89.34	-2.42
89.345	-3.072
89.35	-3.653
89.355	-4.1
89.36	-4.366
89.365	-4.574
89.37	-4.793
89.375	-4.956
89.38	-5.191
89.385	-5.601
89.39	-6.079
89.395	-6.647
89.4	-7.209
89.405	-7.518
89.41	-7.731
89.415	-8.03
89.42	-8.315
89.425	-8.668
89.43	-9.097
89.435	-9.506
89.44	-9.959
89.445	-10.31
89.45	-10.338
89.455	-10.071
89.46	-9.531
89.465	-8.704
89.47	-7.791
89.475	-6.868
89.48	-5.9
89.485	-5.02
89.49	-4.312
89.495	-3.801
89.5	-3.498
89.505	-3.478
89.51	-3.743
89.515	-4.182
89.52	-4.723
89.525	-5.243
89.53	-5.683
89.535	-6.155
89.54	-6.633
89.545	-7.076
89.55	-7.49
89.555	-7.776
89.56	-8.051
89.565	-8.394
89.57	-8.735
89.575	-9.103
89.58	-9.506
89.585	-9.781
89.59	-9.846
89.595	-9.848
89.6	-9.808
89.605	-9.643
89.61	-9.344
89.615	-9.015
89.62	-8.675
89.625	-8.315
89.63	-7.985
89.635	-7.598
89.64	-7.05
89.645	-6.399
89.65	-5.741
89.655	-5.089
89.66	-4.494
89.665	-4.035
89.67	-3.632
89.675	-3.056
89.68	-2.205
89.685	-1.167
89.69	-0.148
89.695	0.591
89.7	0.98
89.705	1.124
89.71	1.097
89.715	1.035
89.72	1.014
89.725	1.011
89.73	1.026
89.735	0.962
89.74	0.78
89.745	0.445
89.75	-0.089
89.755	-0.769
89.76	-1.537
89.765	-2.255
89.77	-2.876
89.775	-3.48
89.78	-4.013
89.785	-4.541
89.79	-5.217
89.795	-5.887
89.8	-6.375
89.805	-6.719
89.81	-6.912
89.815	-6.924
89.82	-6.816
89.825	-6.583
89.83	-6.241
89.835	-5.756
89.84	-5.084
89.845	-4.361
89.85	-3.68
89.855	-3.08
89.86	-2.587
89.865	-2.096
89.87	-1.558
89.875	-1.071
89.88	-0.68
89.885	-0.412
89.89	-0.33
89.895	-0.503
89.9	-0.827
89.905	-1.035
89.91	-1.031
89.915	-0.808
89.92	-0.362
89.925	0.365
89.93	1.433
89.935	2.697
89.94	3.929
89.945	5.063
89.95	6.165
89.955	7.257
89.96	8.413
89.965	9.531
89.97	10.444
89.975	11.116
89.98	11.506
89.985	11.607
89.99	11.453
89.995	11.329